   2.2229705e+04   1.5443740e+04   0.0000000e+00   6.5700000e-01
   2.2237759e+04   1.5444641e+04   8.1044672e+00   6.5500000e-01
   2.2245813e+04   1.5445542e+04   1.6208934e+01   6.5300000e-01
   2.2253867e+04   1.5446442e+04   2.4313402e+01   6.5100000e-01
   2.2261922e+04   1.5447343e+04   3.2417869e+01   6.4900000e-01
   2.2269976e+04   1.5448243e+04   4.0522222e+01   6.4600000e-01
   2.2278030e+04   1.5449144e+04   4.8626689e+01   6.4600000e-01
   2.2286084e+04   1.5450045e+04   5.6731156e+01   6.4700000e-01
   2.2294139e+04   1.5450946e+04   6.4835623e+01   6.4600000e-01
   2.2302193e+04   1.5451847e+04   7.2940090e+01   6.4600000e-01
   2.2310247e+04   1.5452748e+04   8.1044558e+01   6.4500000e-01
   2.2318301e+04   1.5453649e+04   8.9149025e+01   6.4400000e-01
   2.2326356e+04   1.5454549e+04   9.7253492e+01   6.4600000e-01
   2.2334410e+04   1.5455450e+04   1.0535796e+02   6.4500000e-01
   2.2342464e+04   1.5456350e+04   1.1346231e+02   6.4400000e-01
   2.2350518e+04   1.5457251e+04   1.2156678e+02   6.4500000e-01
   2.2358573e+04   1.5458152e+04   1.2967125e+02   6.4300000e-01
   2.2366627e+04   1.5459053e+04   1.3777571e+02   6.4100000e-01
   2.2374681e+04   1.5459954e+04   1.4588018e+02   6.3700000e-01
   2.2382735e+04   1.5460855e+04   1.5398465e+02   6.3400000e-01
   2.2390789e+04   1.5461755e+04   1.6208912e+02   6.3100000e-01
   2.2398844e+04   1.5462656e+04   1.7019358e+02   6.2700000e-01
   2.2406898e+04   1.5463557e+04   1.7829805e+02   6.2400000e-01
   2.2414952e+04   1.5464457e+04   1.8640240e+02   6.2100000e-01
   2.2423006e+04   1.5465358e+04   1.9450687e+02   6.2000000e-01
   2.2431061e+04   1.5466259e+04   2.0261134e+02   6.1600000e-01
   2.2439115e+04   1.5467160e+04   2.1071580e+02   6.1200000e-01
   2.2447169e+04   1.5468061e+04   2.1882027e+02   6.1000000e-01
   2.2455223e+04   1.5468961e+04   2.2692474e+02   6.0500000e-01
   2.2463278e+04   1.5469862e+04   2.3502921e+02   6.0100000e-01
   2.2471332e+04   1.5470763e+04   2.4313367e+02   5.9800000e-01
   2.2479386e+04   1.5471663e+04   2.5123803e+02   5.9500000e-01
   2.2487440e+04   1.5472564e+04   2.5934249e+02   5.9100000e-01
   2.2495495e+04   1.5473465e+04   2.6744696e+02   5.8700000e-01
   2.2503549e+04   1.5474366e+04   2.7555143e+02   5.8200000e-01
   2.2511603e+04   1.5475267e+04   2.8365589e+02   5.8100000e-01
   2.2519657e+04   1.5476168e+04   2.9176036e+02   5.7400000e-01
   2.2527712e+04   1.5477068e+04   2.9986483e+02   5.6800000e-01
   2.2535766e+04   1.5477969e+04   3.0796930e+02   5.6100000e-01
   2.2543820e+04   1.5478870e+04   3.1607376e+02   5.5600000e-01
   2.2551874e+04   1.5479770e+04   3.2417812e+02   5.5300000e-01
   2.2559929e+04   1.5480671e+04   3.3228258e+02   5.4900000e-01
   2.2567983e+04   1.5481572e+04   3.4038705e+02   5.4200000e-01
   2.2576037e+04   1.5482473e+04   3.4849152e+02   5.3600000e-01
   2.2584091e+04   1.5483374e+04   3.5659598e+02   5.3300000e-01
   2.2592146e+04   1.5484274e+04   3.6470045e+02   5.3100000e-01
   2.2600200e+04   1.5485175e+04   3.7280492e+02   5.3200000e-01
   2.2608254e+04   1.5486076e+04   3.8090939e+02   5.3400000e-01
   2.2616308e+04   1.5486977e+04   3.8901385e+02   5.1100000e-01
   2.2624362e+04   1.5487877e+04   3.9711821e+02   3.6300000e-01
   2.2632417e+04   1.5488778e+04   4.0522267e+02  -6.0000000e-03
   2.2640471e+04   1.5489679e+04   4.1332714e+02  -5.4000000e-01
   2.2648525e+04   1.5490580e+04   4.2143161e+02  -7.4000000e-01
   2.2656579e+04   1.5491481e+04   4.2953608e+02  -8.5100000e-01
   2.2664634e+04   1.5492381e+04   4.3764054e+02  -9.2500000e-01
   2.2672688e+04   1.5493282e+04   4.4574501e+02  -9.3400000e-01
   2.2680742e+04   1.5494183e+04   4.5384948e+02  -9.9400000e-01
   2.2688796e+04   1.5495084e+04   4.6195394e+02  -9.8800000e-01
   2.2696851e+04   1.5495984e+04   4.7005830e+02  -9.7000000e-01
   2.2704905e+04   1.5496885e+04   4.7816276e+02  -9.2700000e-01
   2.2712959e+04   1.5497786e+04   4.8626723e+02  -8.7900000e-01
   2.2721013e+04   1.5498687e+04   4.9437170e+02  -8.2500000e-01
   2.2729068e+04   1.5499587e+04   5.0247617e+02  -7.5400000e-01
   2.2737122e+04   1.5500488e+04   5.1058063e+02  -7.7100000e-01
   2.2745176e+04   1.5501389e+04   5.1868510e+02  -8.1400000e-01
   2.2753230e+04   1.5502290e+04   5.2678957e+02  -8.2400000e-01
   2.2761285e+04   1.5503191e+04   5.3489403e+02  -8.1100000e-01
   2.2769339e+04   1.5504091e+04   5.4299839e+02  -8.1600000e-01
   2.2777393e+04   1.5504992e+04   5.5110285e+02  -8.7700000e-01
   2.2785447e+04   1.5505893e+04   5.5920732e+02  -7.6600000e-01
   2.2793502e+04   1.5506794e+04   5.6731179e+02  -1.0280000e+00
   2.2801556e+04   1.5507694e+04   5.7541626e+02  -1.1980000e+00
   2.2809610e+04   1.5508595e+04   5.8352072e+02  -8.2000000e-01
   2.2817664e+04   1.5509496e+04   5.9162519e+02  -9.9300000e-01
   2.2825718e+04   1.5510397e+04   5.9972966e+02  -1.0860000e+00
   2.2833773e+04   1.5511297e+04   6.0783401e+02  -7.9600000e-01
   2.2841827e+04   1.5512198e+04   6.1593848e+02  -9.3500000e-01
   2.2849881e+04   1.5513099e+04   6.2404295e+02  -1.2610000e+00
   2.2857935e+04   1.5514000e+04   6.3214741e+02  -1.0890000e+00
   2.2865990e+04   1.5514900e+04   6.4025188e+02  -1.1530000e+00
   2.2874044e+04   1.5515801e+04   6.4835635e+02  -1.2010000e+00
   2.2882098e+04   1.5516702e+04   6.5646081e+02  -1.1740000e+00
   2.2890152e+04   1.5517603e+04   6.6456528e+02  -1.1500000e+00
   2.2898207e+04   1.5518504e+04   6.7266975e+02  -1.1290000e+00
   2.2906261e+04   1.5519404e+04   6.8077410e+02  -1.1770000e+00
   2.2914315e+04   1.5520305e+04   6.8887857e+02  -1.1750000e+00
   2.2922369e+04   1.5521206e+04   6.9698304e+02  -1.1570000e+00
   2.2930424e+04   1.5522106e+04   7.0508750e+02  -1.1850000e+00
   2.2938478e+04   1.5523007e+04   7.1319197e+02  -1.1270000e+00
   2.2946532e+04   1.5523908e+04   7.2129644e+02  -1.0850000e+00
   2.2954586e+04   1.5524809e+04   7.2940090e+02  -1.3330000e+00
   2.2962641e+04   1.5525710e+04   7.3750537e+02  -2.1300000e+00
   2.2970695e+04   1.5526611e+04   7.4560984e+02  -2.7280000e+00
   2.2978749e+04   1.5527511e+04   7.5371419e+02  -2.9360000e+00
   2.2986803e+04   1.5528412e+04   7.6181866e+02  -3.5610000e+00
   2.2994858e+04   1.5529313e+04   7.6992313e+02  -3.8470000e+00
   2.3002912e+04   1.5530213e+04   7.7802759e+02  -4.0140000e+00
   2.3010966e+04   1.5531114e+04   7.8613206e+02  -3.8170000e+00
   2.3019020e+04   1.5532015e+04   7.9423653e+02  -3.2950000e+00
   2.3027075e+04   1.5532916e+04   8.0234099e+02  -3.1380000e+00
   2.3035129e+04   1.5533817e+04   8.1044546e+02  -2.7220000e+00
   2.3043183e+04   1.5534718e+04   8.1854993e+02  -2.4370000e+00
   2.3051237e+04   1.5535618e+04   8.2665428e+02  -2.0830000e+00
   2.3059291e+04   1.5536519e+04   8.3475875e+02  -1.4670000e+00
   2.3067346e+04   1.5537419e+04   8.4286322e+02  -9.9000000e-01
   2.3075400e+04   1.5538320e+04   8.5096768e+02  -6.9200000e-01
   2.3083454e+04   1.5539221e+04   8.5907215e+02  -4.4800000e-01
   2.3091508e+04   1.5540122e+04   8.6717662e+02  -3.3200000e-01
   2.3099563e+04   1.5541023e+04   8.7528109e+02  -4.9000000e-02
   2.3107617e+04   1.5541924e+04   8.8338555e+02   4.4700000e-01
   2.3115671e+04   1.5542825e+04   8.9149002e+02   9.4700000e-01
   2.3123725e+04   1.5543725e+04   8.9959437e+02   1.2390000e+00
   2.3131780e+04   1.5544626e+04   9.0769884e+02   1.4370000e+00
   2.3139834e+04   1.5545526e+04   9.1580331e+02   1.6230000e+00
   2.3147888e+04   1.5546427e+04   9.2390777e+02   1.8570000e+00
   2.3155942e+04   1.5547328e+04   9.3201224e+02   2.1230000e+00
   2.3163997e+04   1.5548229e+04   9.4011671e+02   2.4160000e+00
   2.3172051e+04   1.5549130e+04   9.4822118e+02   2.7330000e+00
   2.3180105e+04   1.5550031e+04   9.5632564e+02   3.0510000e+00
   2.3188159e+04   1.5550932e+04   9.6443011e+02   3.3530000e+00
   2.3196214e+04   1.5551832e+04   9.7253446e+02   3.6080000e+00
   2.3204268e+04   1.5552732e+04   9.8063893e+02   3.8170000e+00
   2.3212322e+04   1.5553633e+04   9.8874340e+02   4.0180000e+00
   2.3220376e+04   1.5554534e+04   9.9684786e+02   4.2370000e+00
   2.3228431e+04   1.5555435e+04   1.0049523e+03   4.4800000e+00
   2.3236485e+04   1.5556336e+04   1.0130568e+03   4.7410000e+00
   2.3244539e+04   1.5557237e+04   1.0211613e+03   4.9940000e+00
   2.3252593e+04   1.5558138e+04   1.0292657e+03   5.2370000e+00
   2.3260648e+04   1.5559038e+04   1.0373701e+03   5.4720000e+00
   2.3268702e+04   1.5559939e+04   1.0454746e+03   5.6870000e+00
   2.3276756e+04   1.5560839e+04   1.0535790e+03   5.8870000e+00
   2.3284810e+04   1.5561740e+04   1.0616835e+03   6.0720000e+00
   2.3292864e+04   1.5562641e+04   1.0697880e+03   6.2390000e+00
   2.3300919e+04   1.5563542e+04   1.0778924e+03   6.3900000e+00
   2.3308973e+04   1.5564443e+04   1.0859969e+03   6.5250000e+00
   2.3317027e+04   1.5565344e+04   1.0941014e+03   6.6320000e+00
   2.3325081e+04   1.5566245e+04   1.1022058e+03   6.7270000e+00
   2.3333136e+04   1.5567145e+04   1.1103102e+03   6.8110000e+00
   2.3341190e+04   1.5568045e+04   1.1184146e+03   6.8800000e+00
   2.3349244e+04   1.5568946e+04   1.1265191e+03   6.9440000e+00
   2.3357298e+04   1.5569847e+04   1.1346236e+03   7.0020000e+00
   2.3365353e+04   1.5570748e+04   1.1427280e+03   7.0580000e+00
   2.3373407e+04   1.5571649e+04   1.1508325e+03   7.1120000e+00
   2.3381461e+04   1.5572550e+04   1.1589370e+03   7.1660000e+00
   2.3389515e+04   1.5573451e+04   1.1670414e+03   7.2230000e+00
   2.3397570e+04   1.5574352e+04   1.1751459e+03   7.2770000e+00
   2.3405624e+04   1.5575251e+04   1.1832503e+03   7.3260000e+00
   2.3413678e+04   1.5576152e+04   1.1913547e+03   7.3680000e+00
   2.3421732e+04   1.5577053e+04   1.1994592e+03   7.3980000e+00
   2.3429787e+04   1.5577954e+04   1.2075637e+03   7.4210000e+00
   2.3437841e+04   1.5578855e+04   1.2156681e+03   7.4460000e+00
   2.3445895e+04   1.5579756e+04   1.2237726e+03   7.4750000e+00
   2.3453949e+04   1.5580657e+04   1.2318771e+03   7.5030000e+00
   2.3462004e+04   1.5581558e+04   1.2399815e+03   7.5270000e+00
   2.3470058e+04   1.5582459e+04   1.2480860e+03   7.5500000e+00
   2.3478112e+04   1.5583358e+04   1.2561904e+03   7.5710000e+00
   2.3486166e+04   1.5584259e+04   1.2642948e+03   7.5930000e+00
   2.3494220e+04   1.5585160e+04   1.2723993e+03   7.6160000e+00
   2.3502275e+04   1.5586061e+04   1.2805038e+03   7.6420000e+00
   2.3510329e+04   1.5586962e+04   1.2886082e+03   7.6690000e+00
   2.3518383e+04   1.5587863e+04   1.2967127e+03   7.6910000e+00
   2.3526437e+04   1.5588764e+04   1.3048172e+03   7.7030000e+00
   2.3534492e+04   1.5589665e+04   1.3129216e+03   7.7120000e+00
   2.3542546e+04   1.5590566e+04   1.3210261e+03   7.7180000e+00
   2.3550600e+04   1.5591465e+04   1.3291304e+03   7.7260000e+00
   2.3558654e+04   1.5592366e+04   1.3372349e+03   7.7340000e+00
   2.3566709e+04   1.5593267e+04   1.3453394e+03   7.7430000e+00
   2.3574763e+04   1.5594168e+04   1.3534438e+03   7.7530000e+00
   2.3582817e+04   1.5595069e+04   1.3615483e+03   7.7650000e+00
   2.3590871e+04   1.5595970e+04   1.3696528e+03   7.7770000e+00
   2.3598926e+04   1.5596871e+04   1.3777573e+03   7.7890000e+00
   2.3606980e+04   1.5597772e+04   1.3858617e+03   7.7990000e+00
   2.3615034e+04   1.5598672e+04   1.3939662e+03   7.8110000e+00
   2.3623088e+04   1.5599572e+04   1.4020705e+03   7.8310000e+00
   2.3631143e+04   1.5600473e+04   1.4101750e+03   7.8560000e+00
   2.3639197e+04   1.5601374e+04   1.4182795e+03   7.8910000e+00
   2.3647251e+04   1.5602275e+04   1.4263839e+03   7.9290000e+00
   2.3655305e+04   1.5603176e+04   1.4344884e+03   7.9670000e+00
   2.3663360e+04   1.5604077e+04   1.4425929e+03   8.0030000e+00
   2.3671414e+04   1.5604978e+04   1.4506973e+03   8.0390000e+00
   2.3679468e+04   1.5605878e+04   1.4588018e+03   8.0720000e+00
   2.3687522e+04   1.5606778e+04   1.4669062e+03   8.1060000e+00
   2.3695577e+04   1.5607679e+04   1.4750106e+03   8.1390000e+00
   2.3703631e+04   1.5608580e+04   1.4831151e+03   8.1730000e+00
   2.3711685e+04   1.5609481e+04   1.4912196e+03   8.2060000e+00
   2.3719739e+04   1.5610382e+04   1.4993240e+03   8.2360000e+00
   2.3727793e+04   1.5611283e+04   1.5074285e+03   8.2640000e+00
   2.3735848e+04   1.5612184e+04   1.5155330e+03   8.2960000e+00
   2.3743902e+04   1.5613085e+04   1.5236374e+03   8.3340000e+00
   2.3751956e+04   1.5613985e+04   1.5317419e+03   8.3850000e+00
   2.3760010e+04   1.5614885e+04   1.5398463e+03   8.4430000e+00
   2.3768065e+04   1.5615786e+04   1.5479507e+03   8.5040000e+00
   2.3776119e+04   1.5616687e+04   1.5560552e+03   8.5650000e+00
   2.3784173e+04   1.5617588e+04   1.5641597e+03   8.6260000e+00
   2.3792227e+04   1.5618489e+04   1.5722641e+03   8.6860000e+00
   2.3800282e+04   1.5619390e+04   1.5803686e+03   8.7490000e+00
   2.3808336e+04   1.5620291e+04   1.5884731e+03   8.8140000e+00
   2.3816390e+04   1.5621191e+04   1.5965775e+03   8.8830000e+00
   2.3824444e+04   1.5622092e+04   1.6046820e+03   8.9560000e+00
   2.3832499e+04   1.5622992e+04   1.6127863e+03   9.0310000e+00
   2.3840553e+04   1.5623893e+04   1.6208908e+03   9.1080000e+00
   2.3848607e+04   1.5624794e+04   1.6289953e+03   9.1840000e+00
   2.3856661e+04   1.5625695e+04   1.6370997e+03   9.2590000e+00
   2.3864716e+04   1.5626596e+04   1.6452042e+03   9.3310000e+00
   2.3872770e+04   1.5627497e+04   1.6533087e+03   9.3750000e+00
   2.3880824e+04   1.5628398e+04   1.6614131e+03   9.4120000e+00
   2.3888878e+04   1.5629298e+04   1.6695176e+03   9.4500000e+00
   2.3896933e+04   1.5630199e+04   1.6776221e+03   9.4870000e+00
   2.3904987e+04   1.5631099e+04   1.6857264e+03   9.5290000e+00
   2.3913041e+04   1.5632000e+04   1.6938309e+03   9.5750000e+00
   2.3921095e+04   1.5632901e+04   1.7019354e+03   9.6220000e+00
   2.3929149e+04   1.5633802e+04   1.7100398e+03   9.6750000e+00
   2.3937204e+04   1.5634703e+04   1.7181443e+03   9.7350000e+00
   2.3945258e+04   1.5635604e+04   1.7262488e+03   9.8010000e+00
   2.3953312e+04   1.5636504e+04   1.7343532e+03   9.8750000e+00
   2.3961366e+04   1.5637405e+04   1.7424577e+03   9.9570000e+00
   2.3969421e+04   1.5638306e+04   1.7505622e+03   1.0040000e+01
   2.3977475e+04   1.5639206e+04   1.7586665e+03   1.0119000e+01
   2.3985529e+04   1.5640107e+04   1.7667710e+03   1.0177000e+01
   2.3993583e+04   1.5641008e+04   1.7748755e+03   1.0205000e+01
   2.4001638e+04   1.5641909e+04   1.7829799e+03   1.0214000e+01
   2.4009692e+04   1.5642810e+04   1.7910844e+03   1.0220000e+01
   2.4017746e+04   1.5643711e+04   1.7991889e+03   1.0227000e+01
   2.4025800e+04   1.5644611e+04   1.8072933e+03   1.0240000e+01
   2.4033855e+04   1.5645512e+04   1.8153978e+03   1.0255000e+01
   2.4041909e+04   1.5646412e+04   1.8235021e+03   1.0273000e+01
   2.4049963e+04   1.5647313e+04   1.8316066e+03   1.0294000e+01
   2.4058017e+04   1.5648214e+04   1.8397111e+03   1.0315000e+01
   2.4066072e+04   1.5649115e+04   1.8478155e+03   1.0339000e+01
   2.4074126e+04   1.5650016e+04   1.8559200e+03   1.0363000e+01
   2.4082180e+04   1.5650917e+04   1.8640245e+03   1.0383000e+01
   2.4090234e+04   1.5651817e+04   1.8721289e+03   1.0400000e+01
   2.4098289e+04   1.5652718e+04   1.8802334e+03   1.0403000e+01
   2.4106343e+04   1.5653619e+04   1.8883379e+03   1.0385000e+01
   2.4114397e+04   1.5654519e+04   1.8964422e+03   1.0342000e+01
   2.4122451e+04   1.5655420e+04   1.9045467e+03   1.0276000e+01
   2.4130506e+04   1.5656321e+04   1.9126512e+03   1.0197000e+01
   2.4138560e+04   1.5657222e+04   1.9207556e+03   1.0113000e+01
   2.4146614e+04   1.5658123e+04   1.9288601e+03   1.0038000e+01
   2.4154668e+04   1.5659023e+04   1.9369646e+03   9.9770000e+00
   2.4162722e+04   1.5659924e+04   1.9450690e+03   9.9330000e+00
   2.4170777e+04   1.5660825e+04   1.9531735e+03   9.9020000e+00
   2.4178831e+04   1.5661726e+04   1.9612780e+03   9.8770000e+00
   2.4186885e+04   1.5662626e+04   1.9693823e+03   9.8470000e+00
   2.4194939e+04   1.5663527e+04   1.9774868e+03   9.8210000e+00
   2.4202994e+04   1.5664428e+04   1.9855913e+03   9.7990000e+00
   2.4211048e+04   1.5665329e+04   1.9936957e+03   9.7830000e+00
   2.4219102e+04   1.5666230e+04   2.0018002e+03   9.7510000e+00
   2.4227156e+04   1.5667130e+04   2.0099047e+03   9.6940000e+00
   2.4235211e+04   1.5668031e+04   2.0180091e+03   9.6490000e+00
   2.4243265e+04   1.5668932e+04   2.0261136e+03   9.5870000e+00
   2.4251319e+04   1.5669833e+04   2.0342181e+03   9.5170000e+00
   2.4259373e+04   1.5670733e+04   2.0423224e+03   9.4500000e+00
   2.4267428e+04   1.5671634e+04   2.0504269e+03   9.3890000e+00
   2.4275482e+04   1.5672535e+04   2.0585314e+03   9.3310000e+00
   2.4283536e+04   1.5673436e+04   2.0666358e+03   9.2730000e+00
   2.4291590e+04   1.5674336e+04   2.0747403e+03   9.2140000e+00
   2.4299645e+04   1.5675237e+04   2.0828448e+03   9.1580000e+00
   2.4307699e+04   1.5676138e+04   2.0909492e+03   9.1040000e+00
   2.4315753e+04   1.5677039e+04   2.0990537e+03   9.0470000e+00
   2.4323807e+04   1.5677940e+04   2.1071582e+03   8.9840000e+00
   2.4331862e+04   1.5678840e+04   2.1152625e+03   8.9180000e+00
   2.4339916e+04   1.5679741e+04   2.1233670e+03   8.8640000e+00
   2.4347970e+04   1.5680642e+04   2.1314714e+03   8.8260000e+00
   2.4356024e+04   1.5681543e+04   2.1395759e+03   8.8000000e+00
   2.4364078e+04   1.5682443e+04   2.1476804e+03   8.7820000e+00
   2.4372133e+04   1.5683344e+04   2.1557848e+03   8.7660000e+00
   2.4380187e+04   1.5684245e+04   2.1638893e+03   8.7470000e+00
   2.4388241e+04   1.5685146e+04   2.1719938e+03   8.7290000e+00
   2.4396295e+04   1.5686047e+04   2.1800982e+03   8.7070000e+00
   2.4404350e+04   1.5686947e+04   2.1882026e+03   8.6840000e+00
   2.4412404e+04   1.5687848e+04   2.1963071e+03   8.6570000e+00
   2.4420458e+04   1.5688749e+04   2.2044115e+03   8.6280000e+00
   2.4428512e+04   1.5689649e+04   2.2125160e+03   8.5960000e+00
   2.4436567e+04   1.5690550e+04   2.2206205e+03   8.5640000e+00
   2.4444621e+04   1.5691451e+04   2.2287249e+03   8.5350000e+00
   2.4452675e+04   1.5692352e+04   2.2368294e+03   8.5050000e+00
   2.4460729e+04   1.5693253e+04   2.2449339e+03   8.4980000e+00
   2.4468784e+04   1.5694153e+04   2.2530382e+03   8.5260000e+00
   2.4476838e+04   1.5695054e+04   2.2611427e+03   8.5850000e+00
   2.4484892e+04   1.5695955e+04   2.2692472e+03   8.6720000e+00
   2.4492946e+04   1.5696856e+04   2.2773516e+03   8.7750000e+00
   2.4501001e+04   1.5697756e+04   2.2854561e+03   8.8740000e+00
   2.4509055e+04   1.5698657e+04   2.2935606e+03   8.9740000e+00
   2.4517109e+04   1.5699558e+04   2.3016650e+03   9.0750000e+00
   2.4525163e+04   1.5700459e+04   2.3097695e+03   9.1760000e+00
   2.4533218e+04   1.5701360e+04   2.3178740e+03   9.2810000e+00
   2.4541272e+04   1.5702260e+04   2.3259783e+03   9.3890000e+00
   2.4549326e+04   1.5703161e+04   2.3340828e+03   9.4980000e+00
   2.4557380e+04   1.5704062e+04   2.3421872e+03   9.6040000e+00
   2.4565435e+04   1.5704962e+04   2.3502917e+03   9.6910000e+00
   2.4573489e+04   1.5705863e+04   2.3583962e+03   9.7540000e+00
   2.4581543e+04   1.5706764e+04   2.3665006e+03   9.8230000e+00
   2.4589597e+04   1.5707665e+04   2.3746051e+03   9.9080000e+00
   2.4597651e+04   1.5708566e+04   2.3827096e+03   9.9980000e+00
   2.4605706e+04   1.5709467e+04   2.3908140e+03   1.0090000e+01
   2.4613760e+04   1.5710367e+04   2.3989184e+03   1.0187000e+01
   2.4621814e+04   1.5711268e+04   2.4070229e+03   1.0290000e+01
   2.4629868e+04   1.5712168e+04   2.4151273e+03   1.0395000e+01
