   2.2133054e+04   1.6988114e+04   0.0000000e+00   1.2540000e+00
   2.2141108e+04   1.6989015e+04   8.1044672e+00   1.2280000e+00
   2.2149162e+04   1.6989916e+04   1.6208934e+01   1.2010000e+00
   2.2157217e+04   1.6990816e+04   2.4313402e+01   1.1750000e+00
   2.2165271e+04   1.6991717e+04   3.2417869e+01   1.1490000e+00
   2.2173325e+04   1.6992617e+04   4.0522222e+01   1.1220000e+00
   2.2181379e+04   1.6993518e+04   4.8626689e+01   1.0980000e+00
   2.2189433e+04   1.6994419e+04   5.6731156e+01   1.0740000e+00
   2.2197488e+04   1.6995320e+04   6.4835623e+01   1.0520000e+00
   2.2205542e+04   1.6996221e+04   7.2940090e+01   1.0330000e+00
   2.2213596e+04   1.6997122e+04   8.1044558e+01   1.0130000e+00
   2.2221650e+04   1.6998022e+04   8.9149025e+01   9.9200000e-01
   2.2229705e+04   1.6998923e+04   9.7253492e+01   9.6800000e-01
   2.2237759e+04   1.6999824e+04   1.0535796e+02   9.4400000e-01
   2.2245813e+04   1.7000724e+04   1.1346231e+02   9.2200000e-01
   2.2253867e+04   1.7001625e+04   1.2156678e+02   9.0100000e-01
   2.2261922e+04   1.7002526e+04   1.2967125e+02   8.8100000e-01
   2.2269976e+04   1.7003427e+04   1.3777571e+02   8.6100000e-01
   2.2278030e+04   1.7004328e+04   1.4588018e+02   8.4200000e-01
   2.2286084e+04   1.7005229e+04   1.5398465e+02   8.2300000e-01
   2.2294139e+04   1.7006129e+04   1.6208912e+02   8.0500000e-01
   2.2302193e+04   1.7007030e+04   1.7019358e+02   7.8700000e-01
   2.2310247e+04   1.7007931e+04   1.7829805e+02   7.6700000e-01
   2.2318301e+04   1.7008831e+04   1.8640240e+02   7.4700000e-01
   2.2326356e+04   1.7009732e+04   1.9450687e+02   7.2700000e-01
   2.2334410e+04   1.7010633e+04   2.0261134e+02   7.0900000e-01
   2.2342464e+04   1.7011534e+04   2.1071580e+02   6.9100000e-01
   2.2350518e+04   1.7012435e+04   2.1882027e+02   6.7300000e-01
   2.2358573e+04   1.7013335e+04   2.2692474e+02   6.5400000e-01
   2.2366627e+04   1.7014236e+04   2.3502921e+02   6.3400000e-01
   2.2374681e+04   1.7015137e+04   2.4313367e+02   6.1400000e-01
   2.2382735e+04   1.7016037e+04   2.5123803e+02   5.9500000e-01
   2.2390789e+04   1.7016938e+04   2.5934249e+02   5.8000000e-01
   2.2398844e+04   1.7017839e+04   2.6744696e+02   5.8100000e-01
   2.2406898e+04   1.7018740e+04   2.7555143e+02   5.7000000e-01
   2.2414952e+04   1.7019641e+04   2.8365589e+02   5.4200000e-01
   2.2423006e+04   1.7020542e+04   2.9176036e+02   5.4200000e-01
   2.2431061e+04   1.7021442e+04   2.9986483e+02   4.7100000e-01
   2.2439115e+04   1.7022343e+04   3.0796930e+02   2.2500000e-01
   2.2447169e+04   1.7023244e+04   3.1607376e+02  -6.2300000e-01
   2.2455223e+04   1.7024144e+04   3.2417812e+02  -9.8400000e-01
   2.2463278e+04   1.7025045e+04   3.3228258e+02  -1.1290000e+00
   2.2471332e+04   1.7025946e+04   3.4038705e+02  -1.1940000e+00
   2.2479386e+04   1.7026847e+04   3.4849152e+02  -1.0660000e+00
   2.2487440e+04   1.7027748e+04   3.5659598e+02  -8.8300000e-01
   2.2495495e+04   1.7028648e+04   3.6470045e+02  -7.2900000e-01
   2.2503549e+04   1.7029549e+04   3.7280492e+02  -7.4800000e-01
   2.2511603e+04   1.7030450e+04   3.8090939e+02  -8.0800000e-01
   2.2519657e+04   1.7031351e+04   3.8901385e+02  -8.4900000e-01
   2.2527712e+04   1.7032251e+04   3.9711821e+02  -8.5900000e-01
   2.2535766e+04   1.7033152e+04   4.0522267e+02  -8.4400000e-01
   2.2543820e+04   1.7034053e+04   4.1332714e+02  -8.2200000e-01
   2.2551874e+04   1.7034954e+04   4.2143161e+02  -8.9000000e-01
   2.2559929e+04   1.7035855e+04   4.2953608e+02  -9.6700000e-01
   2.2567983e+04   1.7036755e+04   4.3764054e+02  -1.1180000e+00
   2.2576037e+04   1.7037656e+04   4.4574501e+02  -1.2520000e+00
   2.2584091e+04   1.7038557e+04   4.5384948e+02  -1.2910000e+00
   2.2592146e+04   1.7039458e+04   4.6195394e+02  -1.1650000e+00
   2.2600200e+04   1.7040358e+04   4.7005830e+02  -1.0400000e+00
   2.2608254e+04   1.7041259e+04   4.7816276e+02  -1.0220000e+00
   2.2616308e+04   1.7042160e+04   4.8626723e+02  -1.1580000e+00
   2.2624362e+04   1.7043061e+04   4.9437170e+02  -1.2980000e+00
   2.2632417e+04   1.7043961e+04   5.0247617e+02  -1.3580000e+00
   2.2640471e+04   1.7044862e+04   5.1058063e+02  -1.4420000e+00
   2.2648525e+04   1.7045763e+04   5.1868510e+02  -1.5520000e+00
   2.2656579e+04   1.7046664e+04   5.2678957e+02  -1.6490000e+00
   2.2664634e+04   1.7047565e+04   5.3489403e+02  -1.9670000e+00
   2.2672688e+04   1.7048465e+04   5.4299839e+02  -1.8820000e+00
   2.2680742e+04   1.7049366e+04   5.5110285e+02  -1.9390000e+00
   2.2688796e+04   1.7050267e+04   5.5920732e+02  -1.7410000e+00
   2.2696851e+04   1.7051167e+04   5.6731179e+02  -1.5750000e+00
   2.2704905e+04   1.7052068e+04   5.7541626e+02  -1.5840000e+00
   2.2712959e+04   1.7052969e+04   5.8352072e+02  -1.6210000e+00
   2.2721013e+04   1.7053870e+04   5.9162519e+02  -1.7260000e+00
   2.2729068e+04   1.7054771e+04   5.9972966e+02  -1.6360000e+00
   2.2737122e+04   1.7055671e+04   6.0783401e+02  -1.6030000e+00
   2.2745176e+04   1.7056572e+04   6.1593848e+02  -1.6370000e+00
   2.2753230e+04   1.7057473e+04   6.2404295e+02  -1.8850000e+00
   2.2761285e+04   1.7058374e+04   6.3214741e+02  -1.7380000e+00
   2.2769339e+04   1.7059274e+04   6.4025188e+02  -1.8710000e+00
   2.2777393e+04   1.7060175e+04   6.4835635e+02  -2.1370000e+00
   2.2785447e+04   1.7061076e+04   6.5646081e+02  -2.4380000e+00
   2.2793502e+04   1.7061977e+04   6.6456528e+02  -2.6360000e+00
   2.2801556e+04   1.7062878e+04   6.7266975e+02  -2.7050000e+00
   2.2809610e+04   1.7063778e+04   6.8077410e+02  -2.8370000e+00
   2.2817664e+04   1.7064679e+04   6.8887857e+02  -3.1130000e+00
   2.2825718e+04   1.7065580e+04   6.9698304e+02  -3.3800000e+00
   2.2833773e+04   1.7066480e+04   7.0508750e+02  -2.6210000e+00
   2.2841827e+04   1.7067381e+04   7.1319197e+02  -2.2860000e+00
   2.2849881e+04   1.7068282e+04   7.2129644e+02  -2.3590000e+00
   2.2857935e+04   1.7069183e+04   7.2940090e+02  -2.4630000e+00
   2.2865990e+04   1.7070084e+04   7.3750537e+02  -2.5110000e+00
   2.2874044e+04   1.7070985e+04   7.4560984e+02  -2.4770000e+00
   2.2882098e+04   1.7071885e+04   7.5371419e+02  -2.3710000e+00
   2.2890152e+04   1.7072786e+04   7.6181866e+02  -1.3490000e+00
   2.2898207e+04   1.7073687e+04   7.6992313e+02  -1.8000000e-02
   2.2906261e+04   1.7074587e+04   7.7802759e+02   7.7900000e-01
   2.2914315e+04   1.7075488e+04   7.8613206e+02   1.3200000e+00
   2.2922369e+04   1.7076389e+04   7.9423653e+02   1.7700000e+00
   2.2930424e+04   1.7077290e+04   8.0234099e+02   2.3070000e+00
   2.2938478e+04   1.7078191e+04   8.1044546e+02   2.8530000e+00
   2.2946532e+04   1.7079092e+04   8.1854993e+02   3.3010000e+00
   2.2954586e+04   1.7079992e+04   8.2665428e+02   3.4860000e+00
   2.2962641e+04   1.7080893e+04   8.3475875e+02   3.5470000e+00
   2.2970695e+04   1.7081793e+04   8.4286322e+02   3.5970000e+00
   2.2978749e+04   1.7082694e+04   8.5096768e+02   3.6890000e+00
   2.2986803e+04   1.7083595e+04   8.5907215e+02   3.8390000e+00
   2.2994858e+04   1.7084496e+04   8.6717662e+02   4.0310000e+00
   2.3002912e+04   1.7085397e+04   8.7528109e+02   4.2340000e+00
   2.3010966e+04   1.7086298e+04   8.8338555e+02   4.4510000e+00
   2.3019020e+04   1.7087199e+04   8.9149002e+02   4.6760000e+00
   2.3027075e+04   1.7088099e+04   8.9959437e+02   4.8930000e+00
   2.3035129e+04   1.7089000e+04   9.0769884e+02   5.1090000e+00
   2.3043183e+04   1.7089900e+04   9.1580331e+02   5.3180000e+00
   2.3051237e+04   1.7090801e+04   9.2390777e+02   5.5190000e+00
   2.3059291e+04   1.7091702e+04   9.3201224e+02   5.7120000e+00
   2.3067346e+04   1.7092603e+04   9.4011671e+02   5.8990000e+00
   2.3075400e+04   1.7093504e+04   9.4822118e+02   6.0810000e+00
   2.3083454e+04   1.7094405e+04   9.5632564e+02   6.2560000e+00
   2.3091508e+04   1.7095306e+04   9.6443011e+02   6.4240000e+00
   2.3099563e+04   1.7096206e+04   9.7253446e+02   6.5840000e+00
   2.3107617e+04   1.7097106e+04   9.8063893e+02   6.7340000e+00
   2.3115671e+04   1.7098007e+04   9.8874340e+02   6.8760000e+00
   2.3123725e+04   1.7098908e+04   9.9684786e+02   7.0100000e+00
   2.3131780e+04   1.7099809e+04   1.0049523e+03   7.1370000e+00
   2.3139834e+04   1.7100710e+04   1.0130568e+03   7.2590000e+00
   2.3147888e+04   1.7101611e+04   1.0211613e+03   7.3760000e+00
   2.3155942e+04   1.7102512e+04   1.0292657e+03   7.4900000e+00
   2.3163997e+04   1.7103412e+04   1.0373701e+03   7.6020000e+00
   2.3172051e+04   1.7104312e+04   1.0454746e+03   7.7100000e+00
   2.3180105e+04   1.7105213e+04   1.0535790e+03   7.8150000e+00
   2.3188159e+04   1.7106114e+04   1.0616835e+03   7.9180000e+00
   2.3196214e+04   1.7107015e+04   1.0697880e+03   8.0200000e+00
   2.3204268e+04   1.7107916e+04   1.0778924e+03   8.1200000e+00
   2.3212322e+04   1.7108817e+04   1.0859969e+03   8.2210000e+00
   2.3220376e+04   1.7109718e+04   1.0941014e+03   8.3200000e+00
   2.3228431e+04   1.7110619e+04   1.1022058e+03   8.4170000e+00
   2.3236485e+04   1.7111519e+04   1.1103102e+03   8.5110000e+00
   2.3244539e+04   1.7112419e+04   1.1184146e+03   8.6000000e+00
   2.3252593e+04   1.7113320e+04   1.1265191e+03   8.6850000e+00
   2.3260648e+04   1.7114221e+04   1.1346236e+03   8.7640000e+00
   2.3268702e+04   1.7115122e+04   1.1427280e+03   8.8350000e+00
   2.3276756e+04   1.7116023e+04   1.1508325e+03   8.9020000e+00
   2.3284810e+04   1.7116924e+04   1.1589370e+03   8.9660000e+00
   2.3292864e+04   1.7117825e+04   1.1670414e+03   9.0270000e+00
   2.3300919e+04   1.7118726e+04   1.1751459e+03   9.0860000e+00
   2.3308973e+04   1.7119625e+04   1.1832503e+03   9.1400000e+00
   2.3317027e+04   1.7120526e+04   1.1913547e+03   9.1910000e+00
   2.3325081e+04   1.7121427e+04   1.1994592e+03   9.2380000e+00
   2.3333136e+04   1.7122328e+04   1.2075637e+03   9.2780000e+00
   2.3341190e+04   1.7123229e+04   1.2156681e+03   9.3170000e+00
   2.3349244e+04   1.7124130e+04   1.2237726e+03   9.3540000e+00
   2.3357298e+04   1.7125031e+04   1.2318771e+03   9.3860000e+00
   2.3365353e+04   1.7125932e+04   1.2399815e+03   9.4140000e+00
   2.3373407e+04   1.7126833e+04   1.2480860e+03   9.4400000e+00
   2.3381461e+04   1.7127732e+04   1.2561904e+03   9.4640000e+00
   2.3389515e+04   1.7128633e+04   1.2642948e+03   9.4890000e+00
   2.3397570e+04   1.7129534e+04   1.2723993e+03   9.5110000e+00
   2.3405624e+04   1.7130435e+04   1.2805038e+03   9.5310000e+00
   2.3413678e+04   1.7131336e+04   1.2886082e+03   9.5460000e+00
   2.3421732e+04   1.7132237e+04   1.2967127e+03   9.5600000e+00
   2.3429787e+04   1.7133138e+04   1.3048172e+03   9.5740000e+00
   2.3437841e+04   1.7134039e+04   1.3129216e+03   9.5880000e+00
   2.3445895e+04   1.7134939e+04   1.3210261e+03   9.6040000e+00
   2.3453949e+04   1.7135839e+04   1.3291304e+03   9.6190000e+00
   2.3462004e+04   1.7136740e+04   1.3372349e+03   9.6360000e+00
   2.3470058e+04   1.7137641e+04   1.3453394e+03   9.6550000e+00
   2.3478112e+04   1.7138542e+04   1.3534438e+03   9.6750000e+00
   2.3486166e+04   1.7139443e+04   1.3615483e+03   9.6960000e+00
   2.3494220e+04   1.7140344e+04   1.3696528e+03   9.7210000e+00
   2.3502275e+04   1.7141245e+04   1.3777573e+03   9.7490000e+00
   2.3510329e+04   1.7142146e+04   1.3858617e+03   9.7800000e+00
   2.3518383e+04   1.7143046e+04   1.3939662e+03   9.8120000e+00
   2.3526437e+04   1.7143946e+04   1.4020705e+03   9.8430000e+00
   2.3534492e+04   1.7144847e+04   1.4101750e+03   9.8710000e+00
   2.3542546e+04   1.7145748e+04   1.4182795e+03   9.8980000e+00
   2.3550600e+04   1.7146649e+04   1.4263839e+03   9.9270000e+00
   2.3558654e+04   1.7147550e+04   1.4344884e+03   9.9550000e+00
   2.3566709e+04   1.7148451e+04   1.4425929e+03   9.9860000e+00
   2.3574763e+04   1.7149352e+04   1.4506973e+03   1.0016000e+01
   2.3582817e+04   1.7150252e+04   1.4588018e+03   1.0049000e+01
   2.3590871e+04   1.7151152e+04   1.4669062e+03   1.0085000e+01
   2.3598926e+04   1.7152053e+04   1.4750106e+03   1.0126000e+01
   2.3606980e+04   1.7152954e+04   1.4831151e+03   1.0171000e+01
   2.3615034e+04   1.7153855e+04   1.4912196e+03   1.0221000e+01
   2.3623088e+04   1.7154756e+04   1.4993240e+03   1.0276000e+01
   2.3631143e+04   1.7155657e+04   1.5074285e+03   1.0334000e+01
   2.3639197e+04   1.7156558e+04   1.5155330e+03   1.0393000e+01
   2.3647251e+04   1.7157459e+04   1.5236374e+03   1.0451000e+01
   2.3655305e+04   1.7158359e+04   1.5317419e+03   1.0511000e+01
   2.3663360e+04   1.7159259e+04   1.5398463e+03   1.0567000e+01
   2.3671414e+04   1.7160160e+04   1.5479507e+03   1.0622000e+01
   2.3679468e+04   1.7161061e+04   1.5560552e+03   1.0671000e+01
   2.3687522e+04   1.7161962e+04   1.5641597e+03   1.0715000e+01
   2.3695577e+04   1.7162863e+04   1.5722641e+03   1.0752000e+01
   2.3703631e+04   1.7163764e+04   1.5803686e+03   1.0781000e+01
   2.3711685e+04   1.7164665e+04   1.5884731e+03   1.0809000e+01
   2.3719739e+04   1.7165565e+04   1.5965775e+03   1.0834000e+01
   2.3727793e+04   1.7166466e+04   1.6046820e+03   1.0859000e+01
   2.3735848e+04   1.7167366e+04   1.6127863e+03   1.0883000e+01
   2.3743902e+04   1.7168267e+04   1.6208908e+03   1.0907000e+01
   2.3751956e+04   1.7169168e+04   1.6289953e+03   1.0938000e+01
   2.3760010e+04   1.7170069e+04   1.6370997e+03   1.0970000e+01
   2.3768065e+04   1.7170970e+04   1.6452042e+03   1.0997000e+01
   2.3776119e+04   1.7171871e+04   1.6533087e+03   1.1015000e+01
   2.3784173e+04   1.7172772e+04   1.6614131e+03   1.1022000e+01
   2.3792227e+04   1.7173672e+04   1.6695176e+03   1.1022000e+01
   2.3800282e+04   1.7174573e+04   1.6776221e+03   1.1021000e+01
   2.3808336e+04   1.7175473e+04   1.6857264e+03   1.1017000e+01
   2.3816390e+04   1.7176374e+04   1.6938309e+03   1.1014000e+01
   2.3824444e+04   1.7177275e+04   1.7019354e+03   1.1017000e+01
   2.3832499e+04   1.7178176e+04   1.7100398e+03   1.1022000e+01
   2.3840553e+04   1.7179077e+04   1.7181443e+03   1.1029000e+01
   2.3848607e+04   1.7179978e+04   1.7262488e+03   1.1042000e+01
   2.3856661e+04   1.7180878e+04   1.7343532e+03   1.1050000e+01
   2.3864716e+04   1.7181779e+04   1.7424577e+03   1.1048000e+01
   2.3872770e+04   1.7182680e+04   1.7505622e+03   1.1036000e+01
   2.3880824e+04   1.7183580e+04   1.7586665e+03   1.1012000e+01
   2.3888878e+04   1.7184481e+04   1.7667710e+03   1.0984000e+01
   2.3896933e+04   1.7185382e+04   1.7748755e+03   1.0960000e+01
   2.3904987e+04   1.7186283e+04   1.7829799e+03   1.0938000e+01
   2.3913041e+04   1.7187184e+04   1.7910844e+03   1.0920000e+01
   2.3921095e+04   1.7188084e+04   1.7991889e+03   1.0907000e+01
   2.3929149e+04   1.7188985e+04   1.8072933e+03   1.0896000e+01
   2.3937204e+04   1.7189886e+04   1.8153978e+03   1.0890000e+01
   2.3945258e+04   1.7190786e+04   1.8235021e+03   1.0890000e+01
   2.3953312e+04   1.7191687e+04   1.8316066e+03   1.0896000e+01
   2.3961366e+04   1.7192588e+04   1.8397111e+03   1.0905000e+01
   2.3969421e+04   1.7193489e+04   1.8478155e+03   1.0917000e+01
   2.3977475e+04   1.7194390e+04   1.8559200e+03   1.0927000e+01
   2.3985529e+04   1.7195291e+04   1.8640245e+03   1.0933000e+01
   2.3993583e+04   1.7196191e+04   1.8721289e+03   1.0924000e+01
   2.4001638e+04   1.7197092e+04   1.8802334e+03   1.0863000e+01
   2.4009692e+04   1.7197993e+04   1.8883379e+03   1.0782000e+01
   2.4017746e+04   1.7198893e+04   1.8964422e+03   1.0714000e+01
   2.4025800e+04   1.7199794e+04   1.9045467e+03   1.0659000e+01
   2.4033855e+04   1.7200695e+04   1.9126512e+03   1.0608000e+01
   2.4041909e+04   1.7201596e+04   1.9207556e+03   1.0557000e+01
   2.4049963e+04   1.7202497e+04   1.9288601e+03   1.0505000e+01
   2.4058017e+04   1.7203397e+04   1.9369646e+03   1.0453000e+01
   2.4066072e+04   1.7204298e+04   1.9450690e+03   1.0399000e+01
   2.4074126e+04   1.7205199e+04   1.9531735e+03   1.0345000e+01
   2.4082180e+04   1.7206100e+04   1.9612780e+03   1.0294000e+01
   2.4090234e+04   1.7207000e+04   1.9693823e+03   1.0255000e+01
   2.4098289e+04   1.7207901e+04   1.9774868e+03   1.0218000e+01
   2.4106343e+04   1.7208802e+04   1.9855913e+03   1.0185000e+01
   2.4114397e+04   1.7209703e+04   1.9936957e+03   1.0158000e+01
   2.4122451e+04   1.7210604e+04   2.0018002e+03   1.0130000e+01
   2.4130506e+04   1.7211504e+04   2.0099047e+03   1.0112000e+01
   2.4138560e+04   1.7212405e+04   2.0180091e+03   1.0106000e+01
   2.4146614e+04   1.7213306e+04   2.0261136e+03   1.0107000e+01
   2.4154668e+04   1.7214207e+04   2.0342181e+03   1.0111000e+01
   2.4162722e+04   1.7215107e+04   2.0423224e+03   1.0116000e+01
   2.4170777e+04   1.7216008e+04   2.0504269e+03   1.0122000e+01
   2.4178831e+04   1.7216909e+04   2.0585314e+03   1.0126000e+01
   2.4186885e+04   1.7217810e+04   2.0666358e+03   1.0129000e+01
   2.4194939e+04   1.7218710e+04   2.0747403e+03   1.0130000e+01
   2.4202994e+04   1.7219611e+04   2.0828448e+03   1.0131000e+01
   2.4211048e+04   1.7220512e+04   2.0909492e+03   1.0134000e+01
   2.4219102e+04   1.7221413e+04   2.0990537e+03   1.0149000e+01
   2.4227156e+04   1.7222314e+04   2.1071582e+03   1.0184000e+01
   2.4235211e+04   1.7223214e+04   2.1152625e+03   1.0250000e+01
   2.4243265e+04   1.7224115e+04   2.1233670e+03   1.0338000e+01
   2.4251319e+04   1.7225016e+04   2.1314714e+03   1.0434000e+01
   2.4259373e+04   1.7225916e+04   2.1395759e+03   1.0530000e+01
   2.4267428e+04   1.7226817e+04   2.1476804e+03   1.0620000e+01
   2.4275482e+04   1.7227718e+04   2.1557848e+03   1.0703000e+01
   2.4283536e+04   1.7228619e+04   2.1638893e+03   1.0782000e+01
   2.4291590e+04   1.7229520e+04   2.1719938e+03   1.0856000e+01
   2.4299645e+04   1.7230421e+04   2.1800982e+03   1.0925000e+01
   2.4307699e+04   1.7231321e+04   2.1882026e+03   1.0991000e+01
   2.4315753e+04   1.7232222e+04   2.1963071e+03   1.1057000e+01
   2.4323807e+04   1.7233123e+04   2.2044115e+03   1.1128000e+01
   2.4331862e+04   1.7234023e+04   2.2125160e+03   1.1193000e+01
   2.4339916e+04   1.7234924e+04   2.2206205e+03   1.1282000e+01
   2.4347970e+04   1.7235825e+04   2.2287249e+03   1.1407000e+01
   2.4356024e+04   1.7236726e+04   2.2368294e+03   1.1586000e+01
   2.4364078e+04   1.7237627e+04   2.2449339e+03   1.1778000e+01
   2.4372133e+04   1.7238527e+04   2.2530382e+03   1.1946000e+01
   2.4380187e+04   1.7239428e+04   2.2611427e+03   1.2044000e+01
   2.4388241e+04   1.7240329e+04   2.2692472e+03   1.2120000e+01
   2.4396295e+04   1.7241229e+04   2.2773516e+03   1.2182000e+01
   2.4404350e+04   1.7242130e+04   2.2854561e+03   1.2228000e+01
   2.4412404e+04   1.7243031e+04   2.2935606e+03   1.2263000e+01
   2.4420458e+04   1.7243932e+04   2.3016650e+03   1.2291000e+01
   2.4428512e+04   1.7244833e+04   2.3097695e+03   1.2321000e+01
   2.4436567e+04   1.7245734e+04   2.3178740e+03   1.2351000e+01
   2.4444621e+04   1.7246634e+04   2.3259783e+03   1.2385000e+01
   2.4452675e+04   1.7247535e+04   2.3340828e+03   1.2417000e+01
   2.4460729e+04   1.7248436e+04   2.3421872e+03   1.2442000e+01
   2.4468784e+04   1.7249336e+04   2.3502917e+03   1.2452000e+01
   2.4476838e+04   1.7250237e+04   2.3583962e+03   1.2440000e+01
   2.4484892e+04   1.7251138e+04   2.3665006e+03   1.2410000e+01
   2.4492946e+04   1.7252039e+04   2.3746051e+03   1.2369000e+01
   2.4501001e+04   1.7252940e+04   2.3827096e+03   1.2324000e+01
   2.4509055e+04   1.7253841e+04   2.3908140e+03   1.2277000e+01
   2.4517109e+04   1.7254741e+04   2.3989184e+03   1.2230000e+01
   2.4525163e+04   1.7255642e+04   2.4070229e+03   1.2182000e+01
   2.4533218e+04   1.7256542e+04   2.4151273e+03   1.2135000e+01
