   2.2519657e+04   1.0810618e+04   0.0000000e+00   5.1200000e-01
   2.2527712e+04   1.0811519e+04   8.1044672e+00   5.1200000e-01
   2.2535766e+04   1.0812420e+04   1.6208934e+01   5.1100000e-01
   2.2543820e+04   1.0813321e+04   2.4313402e+01   5.1100000e-01
   2.2551874e+04   1.0814221e+04   3.2417869e+01   5.1200000e-01
   2.2559929e+04   1.0815121e+04   4.0522222e+01   5.1100000e-01
   2.2567983e+04   1.0816022e+04   4.8626689e+01   5.1100000e-01
   2.2576037e+04   1.0816923e+04   5.6731156e+01   5.1200000e-01
   2.2584091e+04   1.0817824e+04   6.4835623e+01   5.1200000e-01
   2.2592146e+04   1.0818725e+04   7.2940090e+01   5.1100000e-01
   2.2600200e+04   1.0819626e+04   8.1044558e+01   5.0900000e-01
   2.2608254e+04   1.0820527e+04   8.9149025e+01   5.0600000e-01
   2.2616308e+04   1.0821427e+04   9.7253492e+01   5.0200000e-01
   2.2624362e+04   1.0822328e+04   1.0535796e+02   5.0500000e-01
   2.2632417e+04   1.0823228e+04   1.1346231e+02   5.1900000e-01
   2.2640471e+04   1.0824129e+04   1.2156678e+02   5.4600000e-01
   2.2648525e+04   1.0825030e+04   1.2967125e+02   5.7500000e-01
   2.2656579e+04   1.0825931e+04   1.3777571e+02   5.9000000e-01
   2.2664634e+04   1.0826832e+04   1.4588018e+02   5.7000000e-01
   2.2672688e+04   1.0827733e+04   1.5398465e+02   5.3600000e-01
   2.2680742e+04   1.0828634e+04   1.6208912e+02   5.1400000e-01
   2.2688796e+04   1.0829534e+04   1.7019358e+02   5.1000000e-01
   2.2696851e+04   1.0830435e+04   1.7829805e+02   5.0800000e-01
   2.2704905e+04   1.0831335e+04   1.8640240e+02   5.0200000e-01
   2.2712959e+04   1.0832236e+04   1.9450687e+02   5.0600000e-01
   2.2721013e+04   1.0833137e+04   2.0261134e+02   5.0900000e-01
   2.2729068e+04   1.0834038e+04   2.1071580e+02   5.0800000e-01
   2.2737122e+04   1.0834939e+04   2.1882027e+02   5.0900000e-01
   2.2745176e+04   1.0835840e+04   2.2692474e+02   5.1000000e-01
   2.2753230e+04   1.0836740e+04   2.3502921e+02   5.1400000e-01
   2.2761285e+04   1.0837641e+04   2.4313367e+02   5.2100000e-01
   2.2769339e+04   1.0838541e+04   2.5123803e+02   5.2200000e-01
   2.2777393e+04   1.0839442e+04   2.5934249e+02   5.1600000e-01
   2.2785447e+04   1.0840343e+04   2.6744696e+02   5.5400000e-01
   2.2793502e+04   1.0841244e+04   2.7555143e+02   5.7000000e-01
   2.2801556e+04   1.0842145e+04   2.8365589e+02   5.0200000e-01
   2.2809610e+04   1.0843046e+04   2.9176036e+02   1.2700000e-01
   2.2817664e+04   1.0843946e+04   2.9986483e+02  -1.8800000e-01
   2.2825718e+04   1.0844847e+04   3.0796930e+02  -3.5700000e-01
   2.2833773e+04   1.0845748e+04   3.1607376e+02  -3.7300000e-01
   2.2841827e+04   1.0846648e+04   3.2417812e+02  -3.1000000e-01
   2.2849881e+04   1.0847549e+04   3.3228258e+02  -3.0100000e-01
   2.2857935e+04   1.0848450e+04   3.4038705e+02  -3.0700000e-01
   2.2865990e+04   1.0849351e+04   3.4849152e+02  -3.1500000e-01
   2.2874044e+04   1.0850252e+04   3.5659598e+02  -3.1800000e-01
   2.2882098e+04   1.0851153e+04   3.6470045e+02  -3.1700000e-01
   2.2890152e+04   1.0852053e+04   3.7280492e+02  -3.1900000e-01
   2.2898207e+04   1.0852954e+04   3.8090939e+02  -3.1700000e-01
   2.2906261e+04   1.0853855e+04   3.8901385e+02  -3.0600000e-01
   2.2914315e+04   1.0854755e+04   3.9711821e+02  -3.0900000e-01
   2.2922369e+04   1.0855656e+04   4.0522267e+02  -3.2800000e-01
   2.2930424e+04   1.0856557e+04   4.1332714e+02  -3.4600000e-01
   2.2938478e+04   1.0857458e+04   4.2143161e+02  -4.4200000e-01
   2.2946532e+04   1.0858359e+04   4.2953608e+02  -6.7000000e-01
   2.2954586e+04   1.0859259e+04   4.3764054e+02  -1.0320000e+00
   2.2962641e+04   1.0860160e+04   4.4574501e+02  -1.3460000e+00
   2.2970695e+04   1.0861061e+04   4.5384948e+02  -1.3900000e+00
   2.2978749e+04   1.0861962e+04   4.6195394e+02  -1.3650000e+00
   2.2986803e+04   1.0862862e+04   4.7005830e+02  -1.3130000e+00
   2.2994858e+04   1.0863763e+04   4.7816276e+02  -9.9700000e-01
   2.3002912e+04   1.0864664e+04   4.8626723e+02  -9.1900000e-01
   2.3010966e+04   1.0865565e+04   4.9437170e+02  -9.5300000e-01
   2.3019020e+04   1.0866466e+04   5.0247617e+02  -7.2600000e-01
   2.3027075e+04   1.0867366e+04   5.1058063e+02  -5.8600000e-01
   2.3035129e+04   1.0868267e+04   5.1868510e+02  -4.1900000e-01
   2.3043183e+04   1.0869168e+04   5.2678957e+02  -5.9400000e-01
   2.3051237e+04   1.0870069e+04   5.3489403e+02  -8.4300000e-01
   2.3059291e+04   1.0870969e+04   5.4299839e+02  -1.1650000e+00
   2.3067346e+04   1.0871870e+04   5.5110285e+02  -1.3550000e+00
   2.3075400e+04   1.0872771e+04   5.5920732e+02  -1.5070000e+00
   2.3083454e+04   1.0873672e+04   5.6731179e+02  -1.3850000e+00
   2.3091508e+04   1.0874572e+04   5.7541626e+02  -1.3010000e+00
   2.3099563e+04   1.0875473e+04   5.8352072e+02  -1.1680000e+00
   2.3107617e+04   1.0876374e+04   5.9162519e+02  -1.4560000e+00
   2.3115671e+04   1.0877275e+04   5.9972966e+02  -1.2130000e+00
   2.3123725e+04   1.0878175e+04   6.0783401e+02  -1.3780000e+00
   2.3131780e+04   1.0879076e+04   6.1593848e+02  -1.6760000e+00
   2.3139834e+04   1.0879977e+04   6.2404295e+02  -1.2890000e+00
   2.3147888e+04   1.0880878e+04   6.3214741e+02  -1.1120000e+00
   2.3155942e+04   1.0881779e+04   6.4025188e+02  -1.1710000e+00
   2.3163997e+04   1.0882679e+04   6.4835635e+02  -1.1510000e+00
   2.3172051e+04   1.0883580e+04   6.5646081e+02  -1.1760000e+00
   2.3180105e+04   1.0884481e+04   6.6456528e+02  -1.2920000e+00
   2.3188159e+04   1.0885382e+04   6.7266975e+02  -1.7940000e+00
   2.3196214e+04   1.0886282e+04   6.8077410e+02  -2.1280000e+00
   2.3204268e+04   1.0887183e+04   6.8887857e+02  -2.3310000e+00
   2.3212322e+04   1.0888084e+04   6.9698304e+02  -2.3850000e+00
   2.3220376e+04   1.0888985e+04   7.0508750e+02  -2.3660000e+00
   2.3228431e+04   1.0889885e+04   7.1319197e+02  -2.4540000e+00
   2.3236485e+04   1.0890786e+04   7.2129644e+02  -2.3480000e+00
   2.3244539e+04   1.0891687e+04   7.2940090e+02  -2.0780000e+00
   2.3252593e+04   1.0892588e+04   7.3750537e+02  -2.3240000e+00
   2.3260648e+04   1.0893489e+04   7.4560984e+02  -3.0610000e+00
   2.3268702e+04   1.0894389e+04   7.5371419e+02  -3.1750000e+00
   2.3276756e+04   1.0895290e+04   7.6181866e+02  -2.8840000e+00
   2.3284810e+04   1.0896191e+04   7.6992313e+02  -2.2120000e+00
   2.3292864e+04   1.0897091e+04   7.7802759e+02  -1.8980000e+00
   2.3300919e+04   1.0897992e+04   7.8613206e+02  -1.7490000e+00
   2.3308973e+04   1.0898893e+04   7.9423653e+02  -1.5470000e+00
   2.3317027e+04   1.0899794e+04   8.0234099e+02  -9.8100000e-01
   2.3325081e+04   1.0900695e+04   8.1044546e+02  -5.4500000e-01
   2.3333136e+04   1.0901596e+04   8.1854993e+02  -3.6700000e-01
   2.3341190e+04   1.0902496e+04   8.2665428e+02  -3.5800000e-01
   2.3349244e+04   1.0903397e+04   8.3475875e+02  -3.5300000e-01
   2.3357298e+04   1.0904298e+04   8.4286322e+02  -3.2000000e-01
   2.3365353e+04   1.0905198e+04   8.5096768e+02   1.9200000e-01
   2.3373407e+04   1.0906099e+04   8.5907215e+02   1.3170000e+00
   2.3381461e+04   1.0907000e+04   8.6717662e+02   2.4310000e+00
   2.3389515e+04   1.0907901e+04   8.7528109e+02   2.5920000e+00
   2.3397570e+04   1.0908802e+04   8.8338555e+02   2.9910000e+00
   2.3405624e+04   1.0909703e+04   8.9149002e+02   3.3860000e+00
   2.3413678e+04   1.0910603e+04   8.9959437e+02   3.6940000e+00
   2.3421732e+04   1.0911504e+04   9.0769884e+02   3.9660000e+00
   2.3429787e+04   1.0912404e+04   9.1580331e+02   4.2270000e+00
   2.3437841e+04   1.0913305e+04   9.2390777e+02   4.4870000e+00
   2.3445895e+04   1.0914206e+04   9.3201224e+02   4.7540000e+00
   2.3453949e+04   1.0915107e+04   9.4011671e+02   5.0420000e+00
   2.3462004e+04   1.0916008e+04   9.4822118e+02   5.3490000e+00
   2.3470058e+04   1.0916909e+04   9.5632564e+02   5.6200000e+00
   2.3478112e+04   1.0917810e+04   9.6443011e+02   5.7390000e+00
   2.3486166e+04   1.0918710e+04   9.7253446e+02   5.8700000e+00
   2.3494220e+04   1.0919611e+04   9.8063893e+02   6.0200000e+00
   2.3502275e+04   1.0920511e+04   9.8874340e+02   6.1680000e+00
   2.3510329e+04   1.0921412e+04   9.9684786e+02   6.3030000e+00
   2.3518383e+04   1.0922313e+04   1.0049523e+03   6.4240000e+00
   2.3526437e+04   1.0923214e+04   1.0130568e+03   6.5300000e+00
   2.3534492e+04   1.0924115e+04   1.0211613e+03   6.6270000e+00
   2.3542546e+04   1.0925016e+04   1.0292657e+03   6.7150000e+00
   2.3550600e+04   1.0925916e+04   1.0373701e+03   6.7960000e+00
   2.3558654e+04   1.0926817e+04   1.0454746e+03   6.8740000e+00
   2.3566709e+04   1.0927717e+04   1.0535790e+03   6.9450000e+00
   2.3574763e+04   1.0928618e+04   1.0616835e+03   7.0100000e+00
   2.3582817e+04   1.0929519e+04   1.0697880e+03   7.0660000e+00
   2.3590871e+04   1.0930420e+04   1.0778924e+03   7.1320000e+00
   2.3598926e+04   1.0931321e+04   1.0859969e+03   7.1990000e+00
   2.3606980e+04   1.0932222e+04   1.0941014e+03   7.2490000e+00
   2.3615034e+04   1.0933123e+04   1.1022058e+03   7.2870000e+00
   2.3623088e+04   1.0934023e+04   1.1103102e+03   7.3210000e+00
   2.3631143e+04   1.0934924e+04   1.1184146e+03   7.3530000e+00
   2.3639197e+04   1.0935824e+04   1.1265191e+03   7.3830000e+00
   2.3647251e+04   1.0936725e+04   1.1346236e+03   7.4090000e+00
   2.3655305e+04   1.0937626e+04   1.1427280e+03   7.4310000e+00
   2.3663360e+04   1.0938527e+04   1.1508325e+03   7.4480000e+00
   2.3671414e+04   1.0939428e+04   1.1589370e+03   7.4660000e+00
   2.3679468e+04   1.0940329e+04   1.1670414e+03   7.4850000e+00
   2.3687522e+04   1.0941230e+04   1.1751459e+03   7.5050000e+00
   2.3695577e+04   1.0942130e+04   1.1832503e+03   7.5280000e+00
   2.3703631e+04   1.0943030e+04   1.1913547e+03   7.5490000e+00
   2.3711685e+04   1.0943931e+04   1.1994592e+03   7.5710000e+00
   2.3719739e+04   1.0944832e+04   1.2075637e+03   7.5940000e+00
   2.3727793e+04   1.0945733e+04   1.2156681e+03   7.6160000e+00
   2.3735848e+04   1.0946634e+04   1.2237726e+03   7.6360000e+00
   2.3743902e+04   1.0947535e+04   1.2318771e+03   7.6570000e+00
   2.3751956e+04   1.0948436e+04   1.2399815e+03   7.6780000e+00
   2.3760010e+04   1.0949337e+04   1.2480860e+03   7.6980000e+00
   2.3768065e+04   1.0950236e+04   1.2561904e+03   7.7200000e+00
   2.3776119e+04   1.0951137e+04   1.2642948e+03   7.7390000e+00
   2.3784173e+04   1.0952038e+04   1.2723993e+03   7.7580000e+00
   2.3792227e+04   1.0952939e+04   1.2805038e+03   7.7780000e+00
   2.3800282e+04   1.0953840e+04   1.2886082e+03   7.7950000e+00
   2.3808336e+04   1.0954741e+04   1.2967127e+03   7.8090000e+00
   2.3816390e+04   1.0955642e+04   1.3048172e+03   7.8230000e+00
   2.3824444e+04   1.0956543e+04   1.3129216e+03   7.8390000e+00
   2.3832499e+04   1.0957444e+04   1.3210261e+03   7.8580000e+00
   2.3840553e+04   1.0958343e+04   1.3291304e+03   7.8790000e+00
   2.3848607e+04   1.0959244e+04   1.3372349e+03   7.9020000e+00
   2.3856661e+04   1.0960145e+04   1.3453394e+03   7.9270000e+00
   2.3864716e+04   1.0961046e+04   1.3534438e+03   7.9560000e+00
   2.3872770e+04   1.0961947e+04   1.3615483e+03   7.9860000e+00
   2.3880824e+04   1.0962848e+04   1.3696528e+03   8.0180000e+00
   2.3888878e+04   1.0963749e+04   1.3777573e+03   8.0500000e+00
   2.3896933e+04   1.0964650e+04   1.3858617e+03   8.0820000e+00
   2.3904987e+04   1.0965550e+04   1.3939662e+03   8.1130000e+00
   2.3913041e+04   1.0966450e+04   1.4020705e+03   8.1410000e+00
   2.3921095e+04   1.0967351e+04   1.4101750e+03   8.1620000e+00
   2.3929149e+04   1.0968252e+04   1.4182795e+03   8.1790000e+00
   2.3937204e+04   1.0969153e+04   1.4263839e+03   8.1900000e+00
   2.3945258e+04   1.0970054e+04   1.4344884e+03   8.1970000e+00
   2.3953312e+04   1.0970955e+04   1.4425929e+03   8.2060000e+00
   2.3961366e+04   1.0971856e+04   1.4506973e+03   8.2230000e+00
   2.3969421e+04   1.0972757e+04   1.4588018e+03   8.2450000e+00
   2.3977475e+04   1.0973656e+04   1.4669062e+03   8.2700000e+00
   2.3985529e+04   1.0974557e+04   1.4750106e+03   8.2980000e+00
   2.3993583e+04   1.0975458e+04   1.4831151e+03   8.3220000e+00
   2.4001638e+04   1.0976359e+04   1.4912196e+03   8.3440000e+00
   2.4009692e+04   1.0977260e+04   1.4993240e+03   8.3610000e+00
   2.4017746e+04   1.0978161e+04   1.5074285e+03   8.3720000e+00
   2.4025800e+04   1.0979062e+04   1.5155330e+03   8.3780000e+00
   2.4033855e+04   1.0979963e+04   1.5236374e+03   8.3810000e+00
   2.4041909e+04   1.0980863e+04   1.5317419e+03   8.3850000e+00
   2.4049963e+04   1.0981763e+04   1.5398463e+03   8.3910000e+00
   2.4058017e+04   1.0982664e+04   1.5479507e+03   8.3940000e+00
   2.4066072e+04   1.0983565e+04   1.5560552e+03   8.3990000e+00
   2.4074126e+04   1.0984466e+04   1.5641597e+03   8.4050000e+00
   2.4082180e+04   1.0985367e+04   1.5722641e+03   8.4110000e+00
   2.4090234e+04   1.0986268e+04   1.5803686e+03   8.4180000e+00
   2.4098289e+04   1.0987169e+04   1.5884731e+03   8.4300000e+00
   2.4106343e+04   1.0988070e+04   1.5965775e+03   8.4490000e+00
   2.4114397e+04   1.0988970e+04   1.6046820e+03   8.4850000e+00
   2.4122451e+04   1.0989870e+04   1.6127863e+03   8.5280000e+00
   2.4130506e+04   1.0990771e+04   1.6208908e+03   8.5680000e+00
   2.4138560e+04   1.0991672e+04   1.6289953e+03   8.6020000e+00
   2.4146614e+04   1.0992573e+04   1.6370997e+03   8.6270000e+00
   2.4154668e+04   1.0993474e+04   1.6452042e+03   8.6410000e+00
   2.4162722e+04   1.0994375e+04   1.6533087e+03   8.6500000e+00
   2.4170777e+04   1.0995276e+04   1.6614131e+03   8.6470000e+00
   2.4178831e+04   1.0996176e+04   1.6695176e+03   8.6310000e+00
   2.4186885e+04   1.0997077e+04   1.6776221e+03   8.6510000e+00
   2.4194939e+04   1.0997977e+04   1.6857264e+03   8.6780000e+00
   2.4202994e+04   1.0998878e+04   1.6938309e+03   8.7070000e+00
   2.4211048e+04   1.0999779e+04   1.7019354e+03   8.7340000e+00
   2.4219102e+04   1.1000680e+04   1.7100398e+03   8.7630000e+00
   2.4227156e+04   1.1001581e+04   1.7181443e+03   8.8030000e+00
   2.4235211e+04   1.1002482e+04   1.7262488e+03   8.8750000e+00
   2.4243265e+04   1.1003383e+04   1.7343532e+03   8.9360000e+00
   2.4251319e+04   1.1004283e+04   1.7424577e+03   8.9060000e+00
   2.4259373e+04   1.1005184e+04   1.7505622e+03   8.9550000e+00
   2.4267428e+04   1.1006084e+04   1.7586665e+03   9.0340000e+00
   2.4275482e+04   1.1006985e+04   1.7667710e+03   9.1010000e+00
   2.4283536e+04   1.1007886e+04   1.7748755e+03   9.1230000e+00
   2.4291590e+04   1.1008787e+04   1.7829799e+03   9.1240000e+00
   2.4299645e+04   1.1009688e+04   1.7910844e+03   9.1430000e+00
   2.4307699e+04   1.1010589e+04   1.7991889e+03   9.1890000e+00
   2.4315753e+04   1.1011489e+04   1.8072933e+03   9.1850000e+00
   2.4323807e+04   1.1012390e+04   1.8153978e+03   9.1830000e+00
   2.4331862e+04   1.1013290e+04   1.8235021e+03   9.2010000e+00
   2.4339916e+04   1.1014191e+04   1.8316066e+03   9.2340000e+00
   2.4347970e+04   1.1015092e+04   1.8397111e+03   9.2760000e+00
   2.4356024e+04   1.1015993e+04   1.8478155e+03   9.3230000e+00
   2.4364078e+04   1.1016894e+04   1.8559200e+03   9.3680000e+00
   2.4372133e+04   1.1017795e+04   1.8640245e+03   9.4040000e+00
   2.4380187e+04   1.1018695e+04   1.8721289e+03   9.4300000e+00
   2.4388241e+04   1.1019596e+04   1.8802334e+03   9.4520000e+00
   2.4396295e+04   1.1020497e+04   1.8883379e+03   9.4740000e+00
   2.4404350e+04   1.1021397e+04   1.8964422e+03   9.4970000e+00
   2.4412404e+04   1.1022298e+04   1.9045467e+03   9.5230000e+00
   2.4420458e+04   1.1023199e+04   1.9126512e+03   9.5510000e+00
   2.4428512e+04   1.1024100e+04   1.9207556e+03   9.5860000e+00
   2.4436567e+04   1.1025001e+04   1.9288601e+03   9.6220000e+00
   2.4444621e+04   1.1025902e+04   1.9369646e+03   9.6570000e+00
   2.4452675e+04   1.1026802e+04   1.9450690e+03   9.6910000e+00
   2.4460729e+04   1.1027703e+04   1.9531735e+03   9.7250000e+00
   2.4468784e+04   1.1028604e+04   1.9612780e+03   9.7590000e+00
   2.4476838e+04   1.1029504e+04   1.9693823e+03   9.7910000e+00
   2.4484892e+04   1.1030405e+04   1.9774868e+03   9.8230000e+00
   2.4492946e+04   1.1031306e+04   1.9855913e+03   9.8520000e+00
   2.4501001e+04   1.1032207e+04   1.9936957e+03   9.8800000e+00
   2.4509055e+04   1.1033108e+04   2.0018002e+03   9.9060000e+00
   2.4517109e+04   1.1034008e+04   2.0099047e+03   9.9300000e+00
   2.4525163e+04   1.1034909e+04   2.0180091e+03   9.9520000e+00
   2.4533218e+04   1.1035810e+04   2.0261136e+03   9.9730000e+00
   2.4541272e+04   1.1036711e+04   2.0342181e+03   9.9940000e+00
   2.4549326e+04   1.1037611e+04   2.0423224e+03   1.0020000e+01
   2.4557380e+04   1.1038512e+04   2.0504269e+03   1.0047000e+01
   2.4565435e+04   1.1039413e+04   2.0585314e+03   1.0074000e+01
   2.4573489e+04   1.1040314e+04   2.0666358e+03   1.0103000e+01
   2.4581543e+04   1.1041215e+04   2.0747403e+03   1.0131000e+01
   2.4589597e+04   1.1042115e+04   2.0828448e+03   1.0156000e+01
   2.4597651e+04   1.1043016e+04   2.0909492e+03   1.0179000e+01
   2.4605706e+04   1.1043917e+04   2.0990537e+03   1.0200000e+01
   2.4613760e+04   1.1044818e+04   2.1071582e+03   1.0217000e+01
   2.4621814e+04   1.1045718e+04   2.1152625e+03   1.0231000e+01
   2.4629868e+04   1.1046619e+04   2.1233670e+03   1.0243000e+01
   2.4637923e+04   1.1047520e+04   2.1314714e+03   1.0256000e+01
   2.4645977e+04   1.1048421e+04   2.1395759e+03   1.0268000e+01
   2.4654031e+04   1.1049321e+04   2.1476804e+03   1.0282000e+01
   2.4662085e+04   1.1050222e+04   2.1557848e+03   1.0294000e+01
   2.4670140e+04   1.1051123e+04   2.1638893e+03   1.0310000e+01
   2.4678194e+04   1.1052024e+04   2.1719938e+03   1.0335000e+01
   2.4686248e+04   1.1052925e+04   2.1800982e+03   1.0380000e+01
   2.4694302e+04   1.1053825e+04   2.1882026e+03   1.0460000e+01
   2.4702357e+04   1.1054726e+04   2.1963071e+03   1.0525000e+01
   2.4710411e+04   1.1055627e+04   2.2044115e+03   1.0541000e+01
   2.4718465e+04   1.1056528e+04   2.2125160e+03   1.0597000e+01
   2.4726519e+04   1.1057428e+04   2.2206205e+03   1.0667000e+01
   2.4734574e+04   1.1058329e+04   2.2287249e+03   1.0747000e+01
   2.4742628e+04   1.1059230e+04   2.2368294e+03   1.0820000e+01
   2.4750682e+04   1.1060131e+04   2.2449339e+03   1.0900000e+01
   2.4758736e+04   1.1061031e+04   2.2530382e+03   1.0984000e+01
   2.4766791e+04   1.1061932e+04   2.2611427e+03   1.1065000e+01
   2.4774845e+04   1.1062833e+04   2.2692472e+03   1.1141000e+01
   2.4782899e+04   1.1063734e+04   2.2773516e+03   1.1196000e+01
   2.4790953e+04   1.1064634e+04   2.2854561e+03   1.1203000e+01
   2.4799008e+04   1.1065535e+04   2.2935606e+03   1.1194000e+01
   2.4807062e+04   1.1066436e+04   2.3016650e+03   1.1181000e+01
   2.4815116e+04   1.1067337e+04   2.3097695e+03   1.1170000e+01
   2.4823170e+04   1.1068238e+04   2.3178740e+03   1.1166000e+01
   2.4831224e+04   1.1069138e+04   2.3259783e+03   1.1167000e+01
   2.4839279e+04   1.1070039e+04   2.3340828e+03   1.1175000e+01
   2.4847333e+04   1.1070940e+04   2.3421872e+03   1.1189000e+01
   2.4855387e+04   1.1071840e+04   2.3502917e+03   1.1209000e+01
   2.4863441e+04   1.1072741e+04   2.3583962e+03   1.1233000e+01
   2.4871496e+04   1.1073642e+04   2.3665006e+03   1.1259000e+01
   2.4879550e+04   1.1074543e+04   2.3746051e+03   1.1285000e+01
   2.4887604e+04   1.1075444e+04   2.3827096e+03   1.1314000e+01
   2.4895658e+04   1.1076345e+04   2.3908140e+03   1.1344000e+01
   2.4903713e+04   1.1077245e+04   2.3989184e+03   1.1375000e+01
   2.4911767e+04   1.1078146e+04   2.4070229e+03   1.1406000e+01
   2.4919821e+04   1.1079047e+04   2.4151273e+03   1.1436000e+01
