   2.2455223e+04   1.1840201e+04   0.0000000e+00   2.6500000e-01
   2.2463278e+04   1.1841101e+04   8.1044672e+00   3.1900000e-01
   2.2471332e+04   1.1842002e+04   1.6208934e+01   3.2400000e-01
   2.2479386e+04   1.1842903e+04   2.4313402e+01   2.8200000e-01
   2.2487440e+04   1.1843804e+04   3.2417869e+01   1.9600000e-01
   2.2495495e+04   1.1844704e+04   4.0522222e+01   7.0000000e-02
   2.2503549e+04   1.1845605e+04   4.8626689e+01  -7.7000000e-02
   2.2511603e+04   1.1846506e+04   5.6731156e+01  -2.1300000e-01
   2.2519657e+04   1.1847407e+04   6.4835623e+01  -3.0200000e-01
   2.2527712e+04   1.1848307e+04   7.2940090e+01  -3.0700000e-01
   2.2535766e+04   1.1849208e+04   8.1044558e+01  -3.1000000e-01
   2.2543820e+04   1.1850109e+04   8.9149025e+01  -3.1900000e-01
   2.2551874e+04   1.1851010e+04   9.7253492e+01  -3.4600000e-01
   2.2559929e+04   1.1851911e+04   1.0535796e+02  -3.1700000e-01
   2.2567983e+04   1.1852811e+04   1.1346231e+02  -3.0900000e-01
   2.2576037e+04   1.1853712e+04   1.2156678e+02  -3.1300000e-01
   2.2584091e+04   1.1854613e+04   1.2967125e+02  -3.2000000e-01
   2.2592146e+04   1.1855514e+04   1.3777571e+02  -3.3500000e-01
   2.2600200e+04   1.1856414e+04   1.4588018e+02  -3.2200000e-01
   2.2608254e+04   1.1857315e+04   1.5398465e+02  -3.1600000e-01
   2.2616308e+04   1.1858216e+04   1.6208912e+02  -3.1900000e-01
   2.2624362e+04   1.1859117e+04   1.7019358e+02  -3.2200000e-01
   2.2632417e+04   1.1860018e+04   1.7829805e+02  -3.3000000e-01
   2.2640471e+04   1.1860918e+04   1.8640240e+02  -3.4900000e-01
   2.2648525e+04   1.1861819e+04   1.9450687e+02  -3.6600000e-01
   2.2656579e+04   1.1862720e+04   2.0261134e+02  -3.0900000e-01
   2.2664634e+04   1.1863620e+04   2.1071580e+02  -1.6100000e-01
   2.2672688e+04   1.1864521e+04   2.1882027e+02   9.5000000e-02
   2.2680742e+04   1.1865422e+04   2.2692474e+02   3.5800000e-01
   2.2688796e+04   1.1866323e+04   2.3502921e+02   4.3200000e-01
   2.2696851e+04   1.1867224e+04   2.4313367e+02   4.7800000e-01
   2.2704905e+04   1.1868124e+04   2.5123803e+02   5.3000000e-01
   2.2712959e+04   1.1869025e+04   2.5934249e+02   5.8100000e-01
   2.2721013e+04   1.1869926e+04   2.6744696e+02   5.9300000e-01
   2.2729068e+04   1.1870826e+04   2.7555143e+02   5.7000000e-01
   2.2737122e+04   1.1871727e+04   2.8365589e+02   5.2500000e-01
   2.2745176e+04   1.1872628e+04   2.9176036e+02   4.5300000e-01
   2.2753230e+04   1.1873529e+04   2.9986483e+02   3.3500000e-01
   2.2761285e+04   1.1874430e+04   3.0796930e+02   1.5400000e-01
   2.2769339e+04   1.1875331e+04   3.1607376e+02  -6.8000000e-02
   2.2777393e+04   1.1876231e+04   3.2417812e+02  -2.6500000e-01
   2.2785447e+04   1.1877132e+04   3.3228258e+02  -3.3500000e-01
   2.2793502e+04   1.1878033e+04   3.4038705e+02  -3.5900000e-01
   2.2801556e+04   1.1878933e+04   3.4849152e+02  -3.8500000e-01
   2.2809610e+04   1.1879834e+04   3.5659598e+02  -4.6900000e-01
   2.2817664e+04   1.1880735e+04   3.6470045e+02  -5.2400000e-01
   2.2825718e+04   1.1881636e+04   3.7280492e+02  -5.0600000e-01
   2.2833773e+04   1.1882537e+04   3.8090939e+02  -5.0300000e-01
   2.2841827e+04   1.1883438e+04   3.8901385e+02  -4.6800000e-01
   2.2849881e+04   1.1884338e+04   3.9711821e+02  -3.8500000e-01
   2.2857935e+04   1.1885239e+04   4.0522267e+02  -3.4700000e-01
   2.2865990e+04   1.1886139e+04   4.1332714e+02  -3.3600000e-01
   2.2874044e+04   1.1887040e+04   4.2143161e+02  -3.1900000e-01
   2.2882098e+04   1.1887941e+04   4.2953608e+02  -3.0200000e-01
   2.2890152e+04   1.1888842e+04   4.3764054e+02  -2.9300000e-01
   2.2898207e+04   1.1889743e+04   4.4574501e+02  -3.1500000e-01
   2.2906261e+04   1.1890644e+04   4.5384948e+02  -3.0200000e-01
   2.2914315e+04   1.1891545e+04   4.6195394e+02  -3.1000000e-01
   2.2922369e+04   1.1892445e+04   4.7005830e+02  -3.3200000e-01
   2.2930424e+04   1.1893346e+04   4.7816276e+02  -3.3800000e-01
   2.2938478e+04   1.1894246e+04   4.8626723e+02  -3.5500000e-01
   2.2946532e+04   1.1895147e+04   4.9437170e+02  -3.6800000e-01
   2.2954586e+04   1.1896048e+04   5.0247617e+02  -3.6200000e-01
   2.2962641e+04   1.1896949e+04   5.1058063e+02  -3.8900000e-01
   2.2970695e+04   1.1897850e+04   5.1868510e+02  -4.2800000e-01
   2.2978749e+04   1.1898751e+04   5.2678957e+02  -4.3400000e-01
   2.2986803e+04   1.1899652e+04   5.3489403e+02  -4.3600000e-01
   2.2994858e+04   1.1900552e+04   5.4299839e+02  -4.4700000e-01
   2.3002912e+04   1.1901452e+04   5.5110285e+02  -4.9500000e-01
   2.3010966e+04   1.1902353e+04   5.5920732e+02  -5.0700000e-01
   2.3019020e+04   1.1903254e+04   5.6731179e+02  -5.3300000e-01
   2.3027075e+04   1.1904155e+04   5.7541626e+02  -6.2200000e-01
   2.3035129e+04   1.1905056e+04   5.8352072e+02  -7.0700000e-01
   2.3043183e+04   1.1905957e+04   5.9162519e+02  -7.9000000e-01
   2.3051237e+04   1.1906858e+04   5.9972966e+02  -8.8000000e-01
   2.3059291e+04   1.1907758e+04   6.0783401e+02  -1.2910000e+00
   2.3067346e+04   1.1908659e+04   6.1593848e+02  -1.3510000e+00
   2.3075400e+04   1.1909559e+04   6.2404295e+02  -1.1160000e+00
   2.3083454e+04   1.1910460e+04   6.3214741e+02  -1.3810000e+00
   2.3091508e+04   1.1911361e+04   6.4025188e+02  -1.3740000e+00
   2.3099563e+04   1.1912262e+04   6.4835635e+02  -1.1260000e+00
   2.3107617e+04   1.1913163e+04   6.5646081e+02  -1.3130000e+00
   2.3115671e+04   1.1914064e+04   6.6456528e+02  -1.5860000e+00
   2.3123725e+04   1.1914965e+04   6.7266975e+02  -1.9430000e+00
   2.3131780e+04   1.1915865e+04   6.8077410e+02  -2.0330000e+00
   2.3139834e+04   1.1916765e+04   6.8887857e+02  -1.9050000e+00
   2.3147888e+04   1.1917666e+04   6.9698304e+02  -1.9020000e+00
   2.3155942e+04   1.1918567e+04   7.0508750e+02  -1.8810000e+00
   2.3163997e+04   1.1919468e+04   7.1319197e+02  -1.8610000e+00
   2.3172051e+04   1.1920369e+04   7.2129644e+02  -1.7980000e+00
   2.3180105e+04   1.1921270e+04   7.2940090e+02  -1.7380000e+00
   2.3188159e+04   1.1922171e+04   7.3750537e+02  -1.7570000e+00
   2.3196214e+04   1.1923072e+04   7.4560984e+02  -1.5300000e+00
   2.3204268e+04   1.1923971e+04   7.5371419e+02  -1.2210000e+00
   2.3212322e+04   1.1924872e+04   7.6181866e+02  -1.0640000e+00
   2.3220376e+04   1.1925773e+04   7.6992313e+02  -1.0210000e+00
   2.3228431e+04   1.1926674e+04   7.7802759e+02  -1.6480000e+00
   2.3236485e+04   1.1927575e+04   7.8613206e+02  -3.2320000e+00
   2.3244539e+04   1.1928476e+04   7.9423653e+02  -5.1120000e+00
   2.3252593e+04   1.1929377e+04   8.0234099e+02  -6.2930000e+00
   2.3260648e+04   1.1930278e+04   8.1044546e+02  -6.8000000e+00
   2.3268702e+04   1.1931179e+04   8.1854993e+02  -5.9240000e+00
   2.3276756e+04   1.1932078e+04   8.2665428e+02  -4.0960000e+00
   2.3284810e+04   1.1932979e+04   8.3475875e+02  -2.9680000e+00
   2.3292864e+04   1.1933880e+04   8.4286322e+02  -2.3630000e+00
   2.3300919e+04   1.1934781e+04   8.5096768e+02  -2.1900000e+00
   2.3308973e+04   1.1935682e+04   8.5907215e+02  -1.9840000e+00
   2.3317027e+04   1.1936583e+04   8.6717662e+02  -1.8720000e+00
   2.3325081e+04   1.1937484e+04   8.7528109e+02  -1.4760000e+00
   2.3333136e+04   1.1938385e+04   8.8338555e+02  -7.0300000e-01
   2.3341190e+04   1.1939285e+04   8.9149002e+02  -4.6900000e-01
   2.3349244e+04   1.1940185e+04   8.9959437e+02  -4.3200000e-01
   2.3357298e+04   1.1941086e+04   9.0769884e+02  -4.7200000e-01
   2.3365353e+04   1.1941987e+04   9.1580331e+02  -4.4100000e-01
   2.3373407e+04   1.1942888e+04   9.2390777e+02   3.0500000e-01
   2.3381461e+04   1.1943789e+04   9.3201224e+02   1.1730000e+00
   2.3389515e+04   1.1944690e+04   9.4011671e+02   1.7700000e+00
   2.3397570e+04   1.1945591e+04   9.4822118e+02   2.0910000e+00
   2.3405624e+04   1.1946492e+04   9.5632564e+02   2.2870000e+00
   2.3413678e+04   1.1947392e+04   9.6443011e+02   2.5280000e+00
   2.3421732e+04   1.1948292e+04   9.7253446e+02   2.8310000e+00
   2.3429787e+04   1.1949193e+04   9.8063893e+02   3.2110000e+00
   2.3437841e+04   1.1950094e+04   9.8874340e+02   3.7150000e+00
   2.3445895e+04   1.1950995e+04   9.9684786e+02   4.1280000e+00
   2.3453949e+04   1.1951896e+04   1.0049523e+03   4.2420000e+00
   2.3462004e+04   1.1952797e+04   1.0130568e+03   4.4450000e+00
   2.3470058e+04   1.1953698e+04   1.0211613e+03   4.6670000e+00
   2.3478112e+04   1.1954598e+04   1.0292657e+03   4.8840000e+00
   2.3486166e+04   1.1955498e+04   1.0373701e+03   5.0710000e+00
   2.3494220e+04   1.1956399e+04   1.0454746e+03   5.2470000e+00
   2.3502275e+04   1.1957300e+04   1.0535790e+03   5.4130000e+00
   2.3510329e+04   1.1958201e+04   1.0616835e+03   5.5680000e+00
   2.3518383e+04   1.1959102e+04   1.0697880e+03   5.7170000e+00
   2.3526437e+04   1.1960003e+04   1.0778924e+03   5.8600000e+00
   2.3534492e+04   1.1960904e+04   1.0859969e+03   5.9960000e+00
   2.3542546e+04   1.1961805e+04   1.0941014e+03   6.1290000e+00
   2.3550600e+04   1.1962705e+04   1.1022058e+03   6.2600000e+00
   2.3558654e+04   1.1963605e+04   1.1103102e+03   6.3870000e+00
   2.3566709e+04   1.1964506e+04   1.1184146e+03   6.5140000e+00
   2.3574763e+04   1.1965407e+04   1.1265191e+03   6.6400000e+00
   2.3582817e+04   1.1966308e+04   1.1346236e+03   6.7650000e+00
   2.3590871e+04   1.1967209e+04   1.1427280e+03   6.8880000e+00
   2.3598926e+04   1.1968110e+04   1.1508325e+03   7.0110000e+00
   2.3606980e+04   1.1969011e+04   1.1589370e+03   7.1330000e+00
   2.3615034e+04   1.1969911e+04   1.1670414e+03   7.2540000e+00
   2.3623088e+04   1.1970812e+04   1.1751459e+03   7.3710000e+00
   2.3631143e+04   1.1971712e+04   1.1832503e+03   7.4860000e+00
   2.3639197e+04   1.1972613e+04   1.1913547e+03   7.5970000e+00
   2.3647251e+04   1.1973514e+04   1.1994592e+03   7.7040000e+00
   2.3655305e+04   1.1974415e+04   1.2075637e+03   7.8030000e+00
   2.3663360e+04   1.1975316e+04   1.2156681e+03   7.8990000e+00
   2.3671414e+04   1.1976217e+04   1.2237726e+03   7.9930000e+00
   2.3679468e+04   1.1977118e+04   1.2318771e+03   8.0880000e+00
   2.3687522e+04   1.1978018e+04   1.2399815e+03   8.1720000e+00
   2.3695577e+04   1.1978919e+04   1.2480860e+03   8.2420000e+00
   2.3703631e+04   1.1979819e+04   1.2561904e+03   8.3080000e+00
   2.3711685e+04   1.1980720e+04   1.2642948e+03   8.3630000e+00
   2.3719739e+04   1.1981621e+04   1.2723993e+03   8.4070000e+00
   2.3727793e+04   1.1982522e+04   1.2805038e+03   8.4460000e+00
   2.3735848e+04   1.1983423e+04   1.2886082e+03   8.4840000e+00
   2.3743902e+04   1.1984324e+04   1.2967127e+03   8.5210000e+00
   2.3751956e+04   1.1985224e+04   1.3048172e+03   8.5550000e+00
   2.3760010e+04   1.1986125e+04   1.3129216e+03   8.5990000e+00
   2.3768065e+04   1.1987026e+04   1.3210261e+03   8.6500000e+00
   2.3776119e+04   1.1987926e+04   1.3291304e+03   8.6970000e+00
   2.3784173e+04   1.1988827e+04   1.3372349e+03   8.7410000e+00
   2.3792227e+04   1.1989728e+04   1.3453394e+03   8.7850000e+00
   2.3800282e+04   1.1990629e+04   1.3534438e+03   8.8290000e+00
   2.3808336e+04   1.1991530e+04   1.3615483e+03   8.8730000e+00
   2.3816390e+04   1.1992430e+04   1.3696528e+03   8.9120000e+00
   2.3824444e+04   1.1993331e+04   1.3777573e+03   8.9430000e+00
   2.3832499e+04   1.1994232e+04   1.3858617e+03   8.9680000e+00
   2.3840553e+04   1.1995133e+04   1.3939662e+03   8.9910000e+00
   2.3848607e+04   1.1996033e+04   1.4020705e+03   9.0140000e+00
   2.3856661e+04   1.1996934e+04   1.4101750e+03   9.0380000e+00
   2.3864716e+04   1.1997835e+04   1.4182795e+03   9.0620000e+00
   2.3872770e+04   1.1998736e+04   1.4263839e+03   9.0860000e+00
   2.3880824e+04   1.1999637e+04   1.4344884e+03   9.1100000e+00
   2.3888878e+04   1.2000537e+04   1.4425929e+03   9.1340000e+00
   2.3896933e+04   1.2001438e+04   1.4506973e+03   9.1580000e+00
   2.3904987e+04   1.2002339e+04   1.4588018e+03   9.1840000e+00
   2.3913041e+04   1.2003239e+04   1.4669062e+03   9.2110000e+00
   2.3921095e+04   1.2004140e+04   1.4750106e+03   9.2410000e+00
   2.3929149e+04   1.2005041e+04   1.4831151e+03   9.2740000e+00
   2.3937204e+04   1.2005942e+04   1.4912196e+03   9.3150000e+00
   2.3945258e+04   1.2006843e+04   1.4993240e+03   9.3690000e+00
   2.3953312e+04   1.2007743e+04   1.5074285e+03   9.4170000e+00
   2.3961366e+04   1.2008644e+04   1.5155330e+03   9.4340000e+00
   2.3969421e+04   1.2009545e+04   1.5236374e+03   9.4700000e+00
   2.3977475e+04   1.2010446e+04   1.5317419e+03   9.5210000e+00
   2.3985529e+04   1.2011346e+04   1.5398463e+03   9.5780000e+00
   2.3993583e+04   1.2012247e+04   1.5479507e+03   9.6330000e+00
   2.4001638e+04   1.2013148e+04   1.5560552e+03   9.6860000e+00
   2.4009692e+04   1.2014049e+04   1.5641597e+03   9.7280000e+00
   2.4017746e+04   1.2014950e+04   1.5722641e+03   9.7310000e+00
   2.4025800e+04   1.2015850e+04   1.5803686e+03   9.7270000e+00
   2.4033855e+04   1.2016751e+04   1.5884731e+03   9.7210000e+00
   2.4041909e+04   1.2017652e+04   1.5965775e+03   9.7150000e+00
   2.4049963e+04   1.2018553e+04   1.6046820e+03   9.7120000e+00
   2.4058017e+04   1.2019453e+04   1.6127863e+03   9.7130000e+00
   2.4066072e+04   1.2020354e+04   1.6208908e+03   9.7170000e+00
   2.4074126e+04   1.2021255e+04   1.6289953e+03   9.7250000e+00
   2.4082180e+04   1.2022156e+04   1.6370997e+03   9.7350000e+00
   2.4090234e+04   1.2023056e+04   1.6452042e+03   9.7410000e+00
   2.4098289e+04   1.2023957e+04   1.6533087e+03   9.7500000e+00
   2.4106343e+04   1.2024858e+04   1.6614131e+03   9.7590000e+00
   2.4114397e+04   1.2025759e+04   1.6695176e+03   9.7710000e+00
   2.4122451e+04   1.2026660e+04   1.6776221e+03   9.7860000e+00
   2.4130506e+04   1.2027560e+04   1.6857264e+03   9.8030000e+00
   2.4138560e+04   1.2028461e+04   1.6938309e+03   9.8230000e+00
   2.4146614e+04   1.2029362e+04   1.7019354e+03   9.8440000e+00
   2.4154668e+04   1.2030263e+04   1.7100398e+03   9.8670000e+00
   2.4162722e+04   1.2031163e+04   1.7181443e+03   9.8900000e+00
   2.4170777e+04   1.2032064e+04   1.7262488e+03   9.9110000e+00
   2.4178831e+04   1.2032965e+04   1.7343532e+03   9.9250000e+00
   2.4186885e+04   1.2033866e+04   1.7424577e+03   9.9310000e+00
   2.4194939e+04   1.2034767e+04   1.7505622e+03   9.9310000e+00
   2.4202994e+04   1.2035667e+04   1.7586665e+03   9.9270000e+00
   2.4211048e+04   1.2036568e+04   1.7667710e+03   9.9230000e+00
   2.4219102e+04   1.2037469e+04   1.7748755e+03   9.9200000e+00
   2.4227156e+04   1.2038369e+04   1.7829799e+03   9.9200000e+00
   2.4235211e+04   1.2039270e+04   1.7910844e+03   9.9190000e+00
   2.4243265e+04   1.2040171e+04   1.7991889e+03   9.9180000e+00
   2.4251319e+04   1.2041072e+04   1.8072933e+03   9.9190000e+00
   2.4259373e+04   1.2041973e+04   1.8153978e+03   9.9220000e+00
   2.4267428e+04   1.2042873e+04   1.8235021e+03   9.9260000e+00
   2.4275482e+04   1.2043774e+04   1.8316066e+03   9.9300000e+00
   2.4283536e+04   1.2044675e+04   1.8397111e+03   9.9320000e+00
   2.4291590e+04   1.2045575e+04   1.8478155e+03   9.9270000e+00
   2.4299645e+04   1.2046476e+04   1.8559200e+03   9.9210000e+00
   2.4307699e+04   1.2047377e+04   1.8640245e+03   9.9160000e+00
   2.4315753e+04   1.2048278e+04   1.8721289e+03   9.9140000e+00
   2.4323807e+04   1.2049179e+04   1.8802334e+03   9.9130000e+00
   2.4331862e+04   1.2050080e+04   1.8883379e+03   9.9150000e+00
   2.4339916e+04   1.2050980e+04   1.8964422e+03   9.9190000e+00
   2.4347970e+04   1.2051881e+04   1.9045467e+03   9.9230000e+00
   2.4356024e+04   1.2052782e+04   1.9126512e+03   9.9270000e+00
   2.4364078e+04   1.2053682e+04   1.9207556e+03   9.9300000e+00
   2.4372133e+04   1.2054583e+04   1.9288601e+03   9.9310000e+00
   2.4380187e+04   1.2055484e+04   1.9369646e+03   9.9300000e+00
   2.4388241e+04   1.2056385e+04   1.9450690e+03   9.9250000e+00
   2.4396295e+04   1.2057286e+04   1.9531735e+03   9.9160000e+00
   2.4404350e+04   1.2058187e+04   1.9612780e+03   9.9080000e+00
   2.4412404e+04   1.2059087e+04   1.9693823e+03   9.9030000e+00
   2.4420458e+04   1.2059988e+04   1.9774868e+03   9.9020000e+00
   2.4428512e+04   1.2060888e+04   1.9855913e+03   9.9030000e+00
   2.4436567e+04   1.2061789e+04   1.9936957e+03   9.9050000e+00
   2.4444621e+04   1.2062690e+04   2.0018002e+03   9.9130000e+00
   2.4452675e+04   1.2063591e+04   2.0099047e+03   9.9210000e+00
   2.4460729e+04   1.2064492e+04   2.0180091e+03   9.9290000e+00
   2.4468784e+04   1.2065393e+04   2.0261136e+03   9.9330000e+00
   2.4476838e+04   1.2066294e+04   2.0342181e+03   9.9290000e+00
   2.4484892e+04   1.2067194e+04   2.0423224e+03   9.9220000e+00
   2.4492946e+04   1.2068095e+04   2.0504269e+03   9.9130000e+00
   2.4501001e+04   1.2068995e+04   2.0585314e+03   9.9080000e+00
   2.4509055e+04   1.2069896e+04   2.0666358e+03   9.9070000e+00
   2.4517109e+04   1.2070797e+04   2.0747403e+03   9.9090000e+00
   2.4525163e+04   1.2071698e+04   2.0828448e+03   9.9110000e+00
   2.4533218e+04   1.2072599e+04   2.0909492e+03   9.9160000e+00
   2.4541272e+04   1.2073500e+04   2.0990537e+03   9.9210000e+00
   2.4549326e+04   1.2074401e+04   2.1071582e+03   9.9300000e+00
   2.4557380e+04   1.2075301e+04   2.1152625e+03   9.9380000e+00
   2.4565435e+04   1.2076201e+04   2.1233670e+03   9.9410000e+00
   2.4573489e+04   1.2077102e+04   2.1314714e+03   9.9400000e+00
   2.4581543e+04   1.2078003e+04   2.1395759e+03   9.9370000e+00
   2.4589597e+04   1.2078904e+04   2.1476804e+03   9.9320000e+00
   2.4597651e+04   1.2079805e+04   2.1557848e+03   9.9270000e+00
   2.4605706e+04   1.2080706e+04   2.1638893e+03   9.9220000e+00
   2.4613760e+04   1.2081607e+04   2.1719938e+03   9.9170000e+00
   2.4621814e+04   1.2082508e+04   2.1800982e+03   9.9150000e+00
   2.4629868e+04   1.2083408e+04   2.1882026e+03   9.9140000e+00
   2.4637923e+04   1.2084308e+04   2.1963071e+03   9.9140000e+00
   2.4645977e+04   1.2085209e+04   2.2044115e+03   9.9160000e+00
   2.4654031e+04   1.2086110e+04   2.2125160e+03   9.9210000e+00
   2.4662085e+04   1.2087011e+04   2.2206205e+03   9.9330000e+00
   2.4670140e+04   1.2087912e+04   2.2287249e+03   9.9490000e+00
   2.4678194e+04   1.2088813e+04   2.2368294e+03   9.9580000e+00
   2.4686248e+04   1.2089714e+04   2.2449339e+03   9.9570000e+00
   2.4694302e+04   1.2090614e+04   2.2530382e+03   9.9510000e+00
   2.4702357e+04   1.2091514e+04   2.2611427e+03   9.9430000e+00
   2.4710411e+04   1.2092415e+04   2.2692472e+03   9.9370000e+00
   2.4718465e+04   1.2093316e+04   2.2773516e+03   9.9350000e+00
   2.4726519e+04   1.2094217e+04   2.2854561e+03   9.9380000e+00
   2.4734574e+04   1.2095118e+04   2.2935606e+03   9.9480000e+00
   2.4742628e+04   1.2096019e+04   2.3016650e+03   9.9620000e+00
   2.4750682e+04   1.2096920e+04   2.3097695e+03   9.9720000e+00
   2.4758736e+04   1.2097821e+04   2.3178740e+03   9.9730000e+00
   2.4766791e+04   1.2098720e+04   2.3259783e+03   9.9630000e+00
   2.4774845e+04   1.2099621e+04   2.3340828e+03   9.9430000e+00
   2.4782899e+04   1.2100522e+04   2.3421872e+03   9.9210000e+00
   2.4790953e+04   1.2101423e+04   2.3502917e+03   9.9050000e+00
   2.4799008e+04   1.2102324e+04   2.3583962e+03   9.8960000e+00
   2.4807062e+04   1.2103225e+04   2.3665006e+03   9.8920000e+00
   2.4815116e+04   1.2104126e+04   2.3746051e+03   9.8920000e+00
   2.4823170e+04   1.2105027e+04   2.3827096e+03   9.8950000e+00
   2.4831224e+04   1.2105928e+04   2.3908140e+03   9.8960000e+00
   2.4839279e+04   1.2106827e+04   2.3989184e+03   9.8940000e+00
   2.4847333e+04   1.2107728e+04   2.4070229e+03   9.8870000e+00
   2.4855387e+04   1.2108629e+04   2.4151273e+03   9.8730000e+00
