   2.2358573e+04   1.3384575e+04   0.0000000e+00   5.9000000e-01
   2.2366627e+04   1.3385475e+04   8.1044672e+00   5.9300000e-01
   2.2374681e+04   1.3386376e+04   1.6208934e+01   5.1300000e-01
   2.2382735e+04   1.3387277e+04   2.4313402e+01   4.3600000e-01
   2.2390789e+04   1.3388178e+04   3.2417869e+01   4.0500000e-01
   2.2398844e+04   1.3389078e+04   4.0522222e+01   4.1700000e-01
   2.2406898e+04   1.3389979e+04   4.8626689e+01   4.5200000e-01
   2.2414952e+04   1.3390880e+04   5.6731156e+01   4.8500000e-01
   2.2423006e+04   1.3391781e+04   6.4835623e+01   5.0400000e-01
   2.2431061e+04   1.3392681e+04   7.2940090e+01   5.1600000e-01
   2.2439115e+04   1.3393582e+04   8.1044558e+01   5.3200000e-01
   2.2447169e+04   1.3394483e+04   8.9149025e+01   5.5700000e-01
   2.2455223e+04   1.3395384e+04   9.7253492e+01   5.5900000e-01
   2.2463278e+04   1.3396285e+04   1.0535796e+02   4.7900000e-01
   2.2471332e+04   1.3397185e+04   1.1346231e+02   2.3800000e-01
   2.2479386e+04   1.3398086e+04   1.2156678e+02  -4.0000000e-02
   2.2487440e+04   1.3398987e+04   1.2967125e+02  -2.4600000e-01
   2.2495495e+04   1.3399887e+04   1.3777571e+02  -2.9000000e-01
   2.2503549e+04   1.3400788e+04   1.4588018e+02  -3.1100000e-01
   2.2511603e+04   1.3401689e+04   1.5398465e+02  -3.2400000e-01
   2.2519657e+04   1.3402590e+04   1.6208912e+02  -2.8000000e-01
   2.2527712e+04   1.3403491e+04   1.7019358e+02  -2.2000000e-01
   2.2535766e+04   1.3404392e+04   1.7829805e+02  -1.7900000e-01
   2.2543820e+04   1.3405292e+04   1.8640240e+02  -1.7400000e-01
   2.2551874e+04   1.3406193e+04   1.9450687e+02  -1.9800000e-01
   2.2559929e+04   1.3407094e+04   2.0261134e+02  -2.5200000e-01
   2.2567983e+04   1.3407994e+04   2.1071580e+02  -3.0200000e-01
   2.2576037e+04   1.3408895e+04   2.1882027e+02  -3.0500000e-01
   2.2584091e+04   1.3409796e+04   2.2692474e+02  -3.0600000e-01
   2.2592146e+04   1.3410697e+04   2.3502921e+02  -3.0300000e-01
   2.2600200e+04   1.3411598e+04   2.4313367e+02  -3.0000000e-01
   2.2608254e+04   1.3412498e+04   2.5123803e+02  -3.0000000e-01
   2.2616308e+04   1.3413399e+04   2.5934249e+02  -3.0400000e-01
   2.2624362e+04   1.3414300e+04   2.6744696e+02  -3.1200000e-01
   2.2632417e+04   1.3415200e+04   2.7555143e+02  -3.1900000e-01
   2.2640471e+04   1.3416101e+04   2.8365589e+02  -3.0900000e-01
   2.2648525e+04   1.3417002e+04   2.9176036e+02  -3.1800000e-01
   2.2656579e+04   1.3417903e+04   2.9986483e+02  -3.1100000e-01
   2.2664634e+04   1.3418804e+04   3.0796930e+02  -3.2100000e-01
   2.2672688e+04   1.3419705e+04   3.1607376e+02  -3.9400000e-01
   2.2680742e+04   1.3420605e+04   3.2417812e+02  -4.2500000e-01
   2.2688796e+04   1.3421506e+04   3.3228258e+02  -3.6200000e-01
   2.2696851e+04   1.3422407e+04   3.4038705e+02  -3.2000000e-01
   2.2704905e+04   1.3423307e+04   3.4849152e+02  -2.9000000e-01
   2.2712959e+04   1.3424208e+04   3.5659598e+02  -2.8200000e-01
   2.2721013e+04   1.3425109e+04   3.6470045e+02  -2.9100000e-01
   2.2729068e+04   1.3426010e+04   3.7280492e+02  -3.1100000e-01
   2.2737122e+04   1.3426911e+04   3.8090939e+02  -3.2100000e-01
   2.2745176e+04   1.3427812e+04   3.8901385e+02  -3.1000000e-01
   2.2753230e+04   1.3428712e+04   3.9711821e+02  -3.1700000e-01
   2.2761285e+04   1.3429613e+04   4.0522267e+02  -3.1200000e-01
   2.2769339e+04   1.3430513e+04   4.1332714e+02  -3.0300000e-01
   2.2777393e+04   1.3431414e+04   4.2143161e+02  -3.0700000e-01
   2.2785447e+04   1.3432315e+04   4.2953608e+02  -3.0300000e-01
   2.2793502e+04   1.3433216e+04   4.3764054e+02  -3.0000000e-01
   2.2801556e+04   1.3434117e+04   4.4574501e+02  -3.0300000e-01
   2.2809610e+04   1.3435018e+04   4.5384948e+02  -3.1300000e-01
   2.2817664e+04   1.3435919e+04   4.6195394e+02  -2.9900000e-01
   2.2825718e+04   1.3436819e+04   4.7005830e+02  -3.1000000e-01
   2.2833773e+04   1.3437720e+04   4.7816276e+02  -3.0700000e-01
   2.2841827e+04   1.3438620e+04   4.8626723e+02  -3.0200000e-01
   2.2849881e+04   1.3439521e+04   4.9437170e+02  -2.9900000e-01
   2.2857935e+04   1.3440422e+04   5.0247617e+02  -2.9500000e-01
   2.2865990e+04   1.3441323e+04   5.1058063e+02  -2.9900000e-01
   2.2874044e+04   1.3442224e+04   5.1868510e+02  -3.0700000e-01
   2.2882098e+04   1.3443125e+04   5.2678957e+02  -2.9900000e-01
   2.2890152e+04   1.3444026e+04   5.3489403e+02  -3.0300000e-01
   2.2898207e+04   1.3444926e+04   5.4299839e+02  -3.1400000e-01
   2.2906261e+04   1.3445826e+04   5.5110285e+02  -3.2400000e-01
   2.2914315e+04   1.3446727e+04   5.5920732e+02  -3.2600000e-01
   2.2922369e+04   1.3447628e+04   5.6731179e+02  -3.9500000e-01
   2.2930424e+04   1.3448529e+04   5.7541626e+02  -4.7300000e-01
   2.2938478e+04   1.3449430e+04   5.8352072e+02  -5.6600000e-01
   2.2946532e+04   1.3450331e+04   5.9162519e+02  -7.7800000e-01
   2.2954586e+04   1.3451232e+04   5.9972966e+02  -6.7900000e-01
   2.2962641e+04   1.3452132e+04   6.0783401e+02  -5.8300000e-01
   2.2970695e+04   1.3453032e+04   6.1593848e+02  -8.7600000e-01
   2.2978749e+04   1.3453933e+04   6.2404295e+02  -1.2490000e+00
   2.2986803e+04   1.3454834e+04   6.3214741e+02  -9.7400000e-01
   2.2994858e+04   1.3455735e+04   6.4025188e+02  -9.6800000e-01
   2.3002912e+04   1.3456636e+04   6.4835635e+02  -1.1600000e+00
   2.3010966e+04   1.3457537e+04   6.5646081e+02  -7.9500000e-01
   2.3019020e+04   1.3458438e+04   6.6456528e+02  -6.9800000e-01
   2.3027075e+04   1.3459339e+04   6.7266975e+02  -8.4100000e-01
   2.3035129e+04   1.3460239e+04   6.8077410e+02  -8.8700000e-01
   2.3043183e+04   1.3461139e+04   6.8887857e+02  -9.2700000e-01
   2.3051237e+04   1.3462040e+04   6.9698304e+02  -9.6300000e-01
   2.3059291e+04   1.3462941e+04   7.0508750e+02  -1.0160000e+00
   2.3067346e+04   1.3463842e+04   7.1319197e+02  -1.0430000e+00
   2.3075400e+04   1.3464743e+04   7.2129644e+02  -1.0700000e+00
   2.3083454e+04   1.3465644e+04   7.2940090e+02  -1.1000000e+00
   2.3091508e+04   1.3466545e+04   7.3750537e+02  -1.1450000e+00
   2.3099563e+04   1.3467446e+04   7.4560984e+02  -1.1830000e+00
   2.3107617e+04   1.3468345e+04   7.5371419e+02  -1.1880000e+00
   2.3115671e+04   1.3469246e+04   7.6181866e+02  -1.2040000e+00
   2.3123725e+04   1.3470147e+04   7.6992313e+02  -1.2740000e+00
   2.3131780e+04   1.3471048e+04   7.7802759e+02  -1.3540000e+00
   2.3139834e+04   1.3471949e+04   7.8613206e+02  -1.5660000e+00
   2.3147888e+04   1.3472850e+04   7.9423653e+02  -1.8310000e+00
   2.3155942e+04   1.3473751e+04   8.0234099e+02  -2.1860000e+00
   2.3163997e+04   1.3474652e+04   8.1044546e+02  -2.7610000e+00
   2.3172051e+04   1.3475553e+04   8.1854993e+02  -3.1980000e+00
   2.3180105e+04   1.3476452e+04   8.2665428e+02  -3.5260000e+00
   2.3188159e+04   1.3477353e+04   8.3475875e+02  -3.3810000e+00
   2.3196214e+04   1.3478254e+04   8.4286322e+02  -3.0050000e+00
   2.3204268e+04   1.3479155e+04   8.5096768e+02  -2.9690000e+00
   2.3212322e+04   1.3480056e+04   8.5907215e+02  -2.9900000e+00
   2.3220376e+04   1.3480957e+04   8.6717662e+02  -2.5990000e+00
   2.3228431e+04   1.3481858e+04   8.7528109e+02  -2.0480000e+00
   2.3236485e+04   1.3482759e+04   8.8338555e+02  -1.8720000e+00
   2.3244539e+04   1.3483659e+04   8.9149002e+02  -1.7600000e+00
   2.3252593e+04   1.3484559e+04   8.9959437e+02  -1.6690000e+00
   2.3260648e+04   1.3485460e+04   9.0769884e+02  -1.3230000e+00
   2.3268702e+04   1.3486361e+04   9.1580331e+02  -6.4400000e-01
   2.3276756e+04   1.3487262e+04   9.2390777e+02  -3.8600000e-01
   2.3284810e+04   1.3488163e+04   9.3201224e+02  -3.5900000e-01
   2.3292864e+04   1.3489064e+04   9.4011671e+02  -4.0000000e-01
   2.3300919e+04   1.3489965e+04   9.4822118e+02  -3.1000000e-01
   2.3308973e+04   1.3490866e+04   9.5632564e+02  -1.5800000e-01
   2.3317027e+04   1.3491766e+04   9.6443011e+02  -2.7700000e-01
   2.3325081e+04   1.3492666e+04   9.7253446e+02   6.1600000e-01
   2.3333136e+04   1.3493567e+04   9.8063893e+02   1.8170000e+00
   2.3341190e+04   1.3494468e+04   9.8874340e+02   2.2530000e+00
   2.3349244e+04   1.3495369e+04   9.9684786e+02   2.4820000e+00
   2.3357298e+04   1.3496270e+04   1.0049523e+03   2.6240000e+00
   2.3365353e+04   1.3497171e+04   1.0130568e+03   2.8230000e+00
   2.3373407e+04   1.3498072e+04   1.0211613e+03   3.0300000e+00
   2.3381461e+04   1.3498972e+04   1.0292657e+03   3.2380000e+00
   2.3389515e+04   1.3499872e+04   1.0373701e+03   3.4390000e+00
   2.3397570e+04   1.3500773e+04   1.0454746e+03   3.6470000e+00
   2.3405624e+04   1.3501674e+04   1.0535790e+03   3.8550000e+00
   2.3413678e+04   1.3502575e+04   1.0616835e+03   4.0390000e+00
   2.3421732e+04   1.3503476e+04   1.0697880e+03   4.2200000e+00
   2.3429787e+04   1.3504377e+04   1.0778924e+03   4.3970000e+00
   2.3437841e+04   1.3505278e+04   1.0859969e+03   4.5630000e+00
   2.3445895e+04   1.3506179e+04   1.0941014e+03   4.7210000e+00
   2.3453949e+04   1.3507079e+04   1.1022058e+03   4.8730000e+00
   2.3462004e+04   1.3507979e+04   1.1103102e+03   5.0180000e+00
   2.3470058e+04   1.3508880e+04   1.1184146e+03   5.1590000e+00
   2.3478112e+04   1.3509781e+04   1.1265191e+03   5.2960000e+00
   2.3486166e+04   1.3510682e+04   1.1346236e+03   5.4280000e+00
   2.3494220e+04   1.3511583e+04   1.1427280e+03   5.5500000e+00
   2.3502275e+04   1.3512484e+04   1.1508325e+03   5.6660000e+00
   2.3510329e+04   1.3513385e+04   1.1589370e+03   5.7850000e+00
   2.3518383e+04   1.3514285e+04   1.1670414e+03   5.9060000e+00
   2.3526437e+04   1.3515186e+04   1.1751459e+03   6.0250000e+00
   2.3534492e+04   1.3516086e+04   1.1832503e+03   6.1410000e+00
   2.3542546e+04   1.3516987e+04   1.1913547e+03   6.2530000e+00
   2.3550600e+04   1.3517888e+04   1.1994592e+03   6.3610000e+00
   2.3558654e+04   1.3518789e+04   1.2075637e+03   6.4680000e+00
   2.3566709e+04   1.3519690e+04   1.2156681e+03   6.5750000e+00
   2.3574763e+04   1.3520591e+04   1.2237726e+03   6.6790000e+00
   2.3582817e+04   1.3521491e+04   1.2318771e+03   6.7760000e+00
   2.3590871e+04   1.3522392e+04   1.2399815e+03   6.8610000e+00
   2.3598926e+04   1.3523293e+04   1.2480860e+03   6.9310000e+00
   2.3606980e+04   1.3524193e+04   1.2561904e+03   6.9900000e+00
   2.3615034e+04   1.3525094e+04   1.2642948e+03   7.0410000e+00
   2.3623088e+04   1.3525995e+04   1.2723993e+03   7.0880000e+00
   2.3631143e+04   1.3526896e+04   1.2805038e+03   7.1310000e+00
   2.3639197e+04   1.3527797e+04   1.2886082e+03   7.1720000e+00
   2.3647251e+04   1.3528698e+04   1.2967127e+03   7.2110000e+00
   2.3655305e+04   1.3529598e+04   1.3048172e+03   7.2520000e+00
   2.3663360e+04   1.3530499e+04   1.3129216e+03   7.2940000e+00
   2.3671414e+04   1.3531400e+04   1.3210261e+03   7.3350000e+00
   2.3679468e+04   1.3532300e+04   1.3291304e+03   7.3770000e+00
   2.3687522e+04   1.3533201e+04   1.3372349e+03   7.4190000e+00
   2.3695577e+04   1.3534102e+04   1.3453394e+03   7.4610000e+00
   2.3703631e+04   1.3535003e+04   1.3534438e+03   7.4990000e+00
   2.3711685e+04   1.3535904e+04   1.3615483e+03   7.5330000e+00
   2.3719739e+04   1.3536804e+04   1.3696528e+03   7.5650000e+00
   2.3727793e+04   1.3537705e+04   1.3777573e+03   7.5960000e+00
   2.3735848e+04   1.3538606e+04   1.3858617e+03   7.6230000e+00
   2.3743902e+04   1.3539507e+04   1.3939662e+03   7.6470000e+00
   2.3751956e+04   1.3540407e+04   1.4020705e+03   7.6670000e+00
   2.3760010e+04   1.3541308e+04   1.4101750e+03   7.6870000e+00
   2.3768065e+04   1.3542209e+04   1.4182795e+03   7.7080000e+00
   2.3776119e+04   1.3543110e+04   1.4263839e+03   7.7310000e+00
   2.3784173e+04   1.3544011e+04   1.4344884e+03   7.7530000e+00
   2.3792227e+04   1.3544911e+04   1.4425929e+03   7.7770000e+00
   2.3800282e+04   1.3545812e+04   1.4506973e+03   7.7990000e+00
   2.3808336e+04   1.3546713e+04   1.4588018e+03   7.8230000e+00
   2.3816390e+04   1.3547613e+04   1.4669062e+03   7.8470000e+00
   2.3824444e+04   1.3548514e+04   1.4750106e+03   7.8690000e+00
   2.3832499e+04   1.3549415e+04   1.4831151e+03   7.8870000e+00
   2.3840553e+04   1.3550316e+04   1.4912196e+03   7.8980000e+00
   2.3848607e+04   1.3551217e+04   1.4993240e+03   7.9040000e+00
   2.3856661e+04   1.3552117e+04   1.5074285e+03   7.9030000e+00
   2.3864716e+04   1.3553018e+04   1.5155330e+03   7.9000000e+00
   2.3872770e+04   1.3553919e+04   1.5236374e+03   7.8990000e+00
   2.3880824e+04   1.3554820e+04   1.5317419e+03   7.8970000e+00
   2.3888878e+04   1.3555720e+04   1.5398463e+03   7.8960000e+00
   2.3896933e+04   1.3556621e+04   1.5479507e+03   7.8940000e+00
   2.3904987e+04   1.3557522e+04   1.5560552e+03   7.8930000e+00
   2.3913041e+04   1.3558423e+04   1.5641597e+03   7.8920000e+00
   2.3921095e+04   1.3559324e+04   1.5722641e+03   7.8950000e+00
   2.3929149e+04   1.3560224e+04   1.5803686e+03   7.8970000e+00
   2.3937204e+04   1.3561125e+04   1.5884731e+03   7.8990000e+00
   2.3945258e+04   1.3562026e+04   1.5965775e+03   7.8970000e+00
   2.3953312e+04   1.3562927e+04   1.6046820e+03   7.8890000e+00
   2.3961366e+04   1.3563827e+04   1.6127863e+03   7.8730000e+00
   2.3969421e+04   1.3564728e+04   1.6208908e+03   7.8510000e+00
   2.3977475e+04   1.3565629e+04   1.6289953e+03   7.8200000e+00
   2.3985529e+04   1.3566530e+04   1.6370997e+03   7.7840000e+00
   2.3993583e+04   1.3567430e+04   1.6452042e+03   7.7490000e+00
   2.4001638e+04   1.3568331e+04   1.6533087e+03   7.7140000e+00
   2.4009692e+04   1.3569232e+04   1.6614131e+03   7.6800000e+00
   2.4017746e+04   1.3570133e+04   1.6695176e+03   7.6460000e+00
   2.4025800e+04   1.3571034e+04   1.6776221e+03   7.6110000e+00
   2.4033855e+04   1.3571934e+04   1.6857264e+03   7.5730000e+00
   2.4041909e+04   1.3572835e+04   1.6938309e+03   7.5330000e+00
   2.4049963e+04   1.3573736e+04   1.7019354e+03   7.4930000e+00
   2.4058017e+04   1.3574636e+04   1.7100398e+03   7.4550000e+00
   2.4066072e+04   1.3575537e+04   1.7181443e+03   7.4200000e+00
   2.4074126e+04   1.3576438e+04   1.7262488e+03   7.3910000e+00
   2.4082180e+04   1.3577339e+04   1.7343532e+03   7.3640000e+00
   2.4090234e+04   1.3578240e+04   1.7424577e+03   7.3440000e+00
   2.4098289e+04   1.3579141e+04   1.7505622e+03   7.3260000e+00
   2.4106343e+04   1.3580041e+04   1.7586665e+03   7.3110000e+00
   2.4114397e+04   1.3580942e+04   1.7667710e+03   7.2980000e+00
   2.4122451e+04   1.3581843e+04   1.7748755e+03   7.2840000e+00
   2.4130506e+04   1.3582743e+04   1.7829799e+03   7.2700000e+00
   2.4138560e+04   1.3583644e+04   1.7910844e+03   7.2550000e+00
   2.4146614e+04   1.3584545e+04   1.7991889e+03   7.2390000e+00
   2.4154668e+04   1.3585446e+04   1.8072933e+03   7.2240000e+00
   2.4162722e+04   1.3586347e+04   1.8153978e+03   7.2130000e+00
   2.4170777e+04   1.3587247e+04   1.8235021e+03   7.2030000e+00
   2.4178831e+04   1.3588148e+04   1.8316066e+03   7.1940000e+00
   2.4186885e+04   1.3589049e+04   1.8397111e+03   7.1900000e+00
   2.4194939e+04   1.3589949e+04   1.8478155e+03   7.1900000e+00
   2.4202994e+04   1.3590850e+04   1.8559200e+03   7.1940000e+00
   2.4211048e+04   1.3591751e+04   1.8640245e+03   7.2190000e+00
   2.4219102e+04   1.3592652e+04   1.8721289e+03   7.2510000e+00
   2.4227156e+04   1.3593553e+04   1.8802334e+03   7.2850000e+00
   2.4235211e+04   1.3594454e+04   1.8883379e+03   7.3170000e+00
   2.4243265e+04   1.3595354e+04   1.8964422e+03   7.3480000e+00
   2.4251319e+04   1.3596255e+04   1.9045467e+03   7.3830000e+00
   2.4259373e+04   1.3597156e+04   1.9126512e+03   7.4200000e+00
   2.4267428e+04   1.3598056e+04   1.9207556e+03   7.4560000e+00
   2.4275482e+04   1.3598957e+04   1.9288601e+03   7.4900000e+00
   2.4283536e+04   1.3599858e+04   1.9369646e+03   7.5210000e+00
   2.4291590e+04   1.3600759e+04   1.9450690e+03   7.5510000e+00
   2.4299645e+04   1.3601660e+04   1.9531735e+03   7.5780000e+00
   2.4307699e+04   1.3602561e+04   1.9612780e+03   7.6060000e+00
   2.4315753e+04   1.3603461e+04   1.9693823e+03   7.6400000e+00
   2.4323807e+04   1.3604362e+04   1.9774868e+03   7.6820000e+00
   2.4331862e+04   1.3605262e+04   1.9855913e+03   7.7300000e+00
   2.4339916e+04   1.3606163e+04   1.9936957e+03   7.7830000e+00
   2.4347970e+04   1.3607064e+04   2.0018002e+03   7.8360000e+00
   2.4356024e+04   1.3607965e+04   2.0099047e+03   7.8890000e+00
   2.4364078e+04   1.3608866e+04   2.0180091e+03   7.9390000e+00
   2.4372133e+04   1.3609767e+04   2.0261136e+03   7.9880000e+00
   2.4380187e+04   1.3610668e+04   2.0342181e+03   8.0350000e+00
   2.4388241e+04   1.3611568e+04   2.0423224e+03   8.0820000e+00
   2.4396295e+04   1.3612469e+04   2.0504269e+03   8.1260000e+00
   2.4404350e+04   1.3613369e+04   2.0585314e+03   8.1650000e+00
   2.4412404e+04   1.3614270e+04   2.0666358e+03   8.2020000e+00
   2.4420458e+04   1.3615171e+04   2.0747403e+03   8.2340000e+00
   2.4428512e+04   1.3616072e+04   2.0828448e+03   8.2630000e+00
   2.4436567e+04   1.3616973e+04   2.0909492e+03   8.2870000e+00
   2.4444621e+04   1.3617874e+04   2.0990537e+03   8.3090000e+00
   2.4452675e+04   1.3618775e+04   2.1071582e+03   8.3290000e+00
   2.4460729e+04   1.3619675e+04   2.1152625e+03   8.3450000e+00
   2.4468784e+04   1.3620575e+04   2.1233670e+03   8.3580000e+00
   2.4476838e+04   1.3621476e+04   2.1314714e+03   8.3680000e+00
   2.4484892e+04   1.3622377e+04   2.1395759e+03   8.3730000e+00
   2.4492946e+04   1.3623278e+04   2.1476804e+03   8.3770000e+00
   2.4501001e+04   1.3624179e+04   2.1557848e+03   8.3810000e+00
   2.4509055e+04   1.3625080e+04   2.1638893e+03   8.3840000e+00
   2.4517109e+04   1.3625981e+04   2.1719938e+03   8.3840000e+00
   2.4525163e+04   1.3626882e+04   2.1800982e+03   8.3810000e+00
   2.4533218e+04   1.3627781e+04   2.1882026e+03   8.3750000e+00
   2.4541272e+04   1.3628682e+04   2.1963071e+03   8.3690000e+00
   2.4549326e+04   1.3629583e+04   2.2044115e+03   8.3630000e+00
   2.4557380e+04   1.3630484e+04   2.2125160e+03   8.3570000e+00
   2.4565435e+04   1.3631385e+04   2.2206205e+03   8.3500000e+00
   2.4573489e+04   1.3632286e+04   2.2287249e+03   8.3410000e+00
   2.4581543e+04   1.3633187e+04   2.2368294e+03   8.3300000e+00
   2.4589597e+04   1.3634088e+04   2.2449339e+03   8.3180000e+00
   2.4597651e+04   1.3634988e+04   2.2530382e+03   8.3070000e+00
   2.4605706e+04   1.3635888e+04   2.2611427e+03   8.2950000e+00
   2.4613760e+04   1.3636789e+04   2.2692472e+03   8.2850000e+00
   2.4621814e+04   1.3637690e+04   2.2773516e+03   8.2750000e+00
   2.4629868e+04   1.3638591e+04   2.2854561e+03   8.2650000e+00
   2.4637923e+04   1.3639492e+04   2.2935606e+03   8.2540000e+00
   2.4645977e+04   1.3640393e+04   2.3016650e+03   8.2420000e+00
   2.4654031e+04   1.3641294e+04   2.3097695e+03   8.2320000e+00
   2.4662085e+04   1.3642195e+04   2.3178740e+03   8.2370000e+00
   2.4670140e+04   1.3643094e+04   2.3259783e+03   8.2500000e+00
   2.4678194e+04   1.3643995e+04   2.3340828e+03   8.2710000e+00
   2.4686248e+04   1.3644896e+04   2.3421872e+03   8.2960000e+00
   2.4694302e+04   1.3645797e+04   2.3502917e+03   8.3240000e+00
   2.4702357e+04   1.3646698e+04   2.3583962e+03   8.3540000e+00
   2.4710411e+04   1.3647599e+04   2.3665006e+03   8.3860000e+00
   2.4718465e+04   1.3648500e+04   2.3746051e+03   8.4170000e+00
   2.4726519e+04   1.3649401e+04   2.3827096e+03   8.4480000e+00
   2.4734574e+04   1.3650302e+04   2.3908140e+03   8.4800000e+00
   2.4742628e+04   1.3651201e+04   2.3989184e+03   8.5090000e+00
   2.4750682e+04   1.3652102e+04   2.4070229e+03   8.5400000e+00
   2.4758736e+04   1.3653003e+04   2.4151273e+03   8.5710000e+00
