   2.2197488e+04   1.5958531e+04   0.0000000e+00   9.0200000e-01
   2.2205542e+04   1.5959432e+04   8.1044672e+00   8.9100000e-01
   2.2213596e+04   1.5960333e+04   1.6208934e+01   8.7900000e-01
   2.2221650e+04   1.5961234e+04   2.4313402e+01   8.6900000e-01
   2.2229705e+04   1.5962135e+04   3.2417869e+01   8.6000000e-01
   2.2237759e+04   1.5963035e+04   4.0522222e+01   8.5100000e-01
   2.2245813e+04   1.5963935e+04   4.8626689e+01   8.4100000e-01
   2.2253867e+04   1.5964836e+04   5.6731156e+01   8.3100000e-01
   2.2261922e+04   1.5965737e+04   6.4835623e+01   8.2000000e-01
   2.2269976e+04   1.5966638e+04   7.2940090e+01   8.1100000e-01
   2.2278030e+04   1.5967539e+04   8.1044558e+01   8.0100000e-01
   2.2286084e+04   1.5968440e+04   8.9149025e+01   7.9100000e-01
   2.2294139e+04   1.5969341e+04   9.7253492e+01   7.8100000e-01
   2.2302193e+04   1.5970242e+04   1.0535796e+02   7.7100000e-01
   2.2310247e+04   1.5971141e+04   1.1346231e+02   7.6100000e-01
   2.2318301e+04   1.5972042e+04   1.2156678e+02   7.5100000e-01
   2.2326356e+04   1.5972943e+04   1.2967125e+02   7.4200000e-01
   2.2334410e+04   1.5973844e+04   1.3777571e+02   7.3100000e-01
   2.2342464e+04   1.5974745e+04   1.4588018e+02   7.2100000e-01
   2.2350518e+04   1.5975646e+04   1.5398465e+02   7.1400000e-01
   2.2358573e+04   1.5976547e+04   1.6208912e+02   7.0800000e-01
   2.2366627e+04   1.5977448e+04   1.7019358e+02   7.0100000e-01
   2.2374681e+04   1.5978349e+04   1.7829805e+02   6.9200000e-01
   2.2382735e+04   1.5979248e+04   1.8640240e+02   6.8100000e-01
   2.2390789e+04   1.5980149e+04   1.9450687e+02   6.7100000e-01
   2.2398844e+04   1.5981050e+04   2.0261134e+02   6.6000000e-01
   2.2406898e+04   1.5981951e+04   2.1071580e+02   6.5000000e-01
   2.2414952e+04   1.5982852e+04   2.1882027e+02   6.4100000e-01
   2.2423006e+04   1.5983753e+04   2.2692474e+02   6.3400000e-01
   2.2431061e+04   1.5984654e+04   2.3502921e+02   6.2900000e-01
   2.2439115e+04   1.5985555e+04   2.4313367e+02   6.2300000e-01
   2.2447169e+04   1.5986454e+04   2.5123803e+02   6.1400000e-01
   2.2455223e+04   1.5987355e+04   2.5934249e+02   6.0300000e-01
   2.2463278e+04   1.5988256e+04   2.6744696e+02   5.9200000e-01
   2.2471332e+04   1.5989157e+04   2.7555143e+02   5.8400000e-01
   2.2479386e+04   1.5990058e+04   2.8365589e+02   5.7800000e-01
   2.2487440e+04   1.5990959e+04   2.9176036e+02   5.6900000e-01
   2.2495495e+04   1.5991860e+04   2.9986483e+02   5.5400000e-01
   2.2503549e+04   1.5992761e+04   3.0796930e+02   5.4700000e-01
   2.2511603e+04   1.5993662e+04   3.1607376e+02   5.6600000e-01
   2.2519657e+04   1.5994561e+04   3.2417812e+02   6.3100000e-01
   2.2527712e+04   1.5995462e+04   3.3228258e+02   6.3700000e-01
   2.2535766e+04   1.5996363e+04   3.4038705e+02   5.0400000e-01
   2.2543820e+04   1.5997264e+04   3.4849152e+02   1.1400000e-01
   2.2551874e+04   1.5998165e+04   3.5659598e+02  -3.4500000e-01
   2.2559929e+04   1.5999066e+04   3.6470045e+02  -7.6700000e-01
   2.2567983e+04   1.5999967e+04   3.7280492e+02  -7.9300000e-01
   2.2576037e+04   1.6000868e+04   3.8090939e+02  -8.4200000e-01
   2.2584091e+04   1.6001768e+04   3.8901385e+02  -7.9200000e-01
   2.2592146e+04   1.6002668e+04   3.9711821e+02  -7.9400000e-01
   2.2600200e+04   1.6003569e+04   4.0522267e+02  -6.9900000e-01
   2.2608254e+04   1.6004470e+04   4.1332714e+02  -6.0500000e-01
   2.2616308e+04   1.6005371e+04   4.2143161e+02  -6.1800000e-01
   2.2624362e+04   1.6006272e+04   4.2953608e+02  -6.6200000e-01
   2.2632417e+04   1.6007173e+04   4.3764054e+02  -6.7500000e-01
   2.2640471e+04   1.6008074e+04   4.4574501e+02  -7.0300000e-01
   2.2648525e+04   1.6008975e+04   4.5384948e+02  -7.5500000e-01
   2.2656579e+04   1.6009875e+04   4.6195394e+02  -4.0100000e-01
   2.2664634e+04   1.6010775e+04   4.7005830e+02  -4.3700000e-01
   2.2672688e+04   1.6011676e+04   4.7816276e+02  -4.4900000e-01
   2.2680742e+04   1.6012577e+04   4.8626723e+02  -4.7600000e-01
   2.2688796e+04   1.6013478e+04   4.9437170e+02  -5.0700000e-01
   2.2696851e+04   1.6014379e+04   5.0247617e+02  -5.5100000e-01
   2.2704905e+04   1.6015280e+04   5.1058063e+02  -5.6000000e-01
   2.2712959e+04   1.6016181e+04   5.1868510e+02  -5.2100000e-01
   2.2721013e+04   1.6017081e+04   5.2678957e+02  -5.7100000e-01
   2.2729068e+04   1.6017982e+04   5.3489403e+02  -7.2300000e-01
   2.2737122e+04   1.6018882e+04   5.4299839e+02  -5.5800000e-01
   2.2745176e+04   1.6019783e+04   5.5110285e+02  -6.3100000e-01
   2.2753230e+04   1.6020684e+04   5.5920732e+02  -1.1590000e+00
   2.2761285e+04   1.6021585e+04   5.6731179e+02  -1.0080000e+00
   2.2769339e+04   1.6022486e+04   5.7541626e+02  -7.7800000e-01
   2.2777393e+04   1.6023387e+04   5.8352072e+02  -1.0130000e+00
   2.2785447e+04   1.6024287e+04   5.9162519e+02  -8.2500000e-01
   2.2793502e+04   1.6025188e+04   5.9972966e+02  -7.9800000e-01
   2.2801556e+04   1.6026088e+04   6.0783401e+02  -1.1760000e+00
   2.2809610e+04   1.6026989e+04   6.1593848e+02  -1.1480000e+00
   2.2817664e+04   1.6027890e+04   6.2404295e+02  -1.0500000e+00
   2.2825718e+04   1.6028791e+04   6.3214741e+02  -1.0280000e+00
   2.2833773e+04   1.6029692e+04   6.4025188e+02  -1.0260000e+00
   2.2841827e+04   1.6030593e+04   6.4835635e+02  -1.0620000e+00
   2.2849881e+04   1.6031494e+04   6.5646081e+02  -1.0910000e+00
   2.2857935e+04   1.6032394e+04   6.6456528e+02  -1.1340000e+00
   2.2865990e+04   1.6033295e+04   6.7266975e+02  -1.1730000e+00
   2.2874044e+04   1.6034195e+04   6.8077410e+02  -1.2370000e+00
   2.2882098e+04   1.6035096e+04   6.8887857e+02  -1.3210000e+00
   2.2890152e+04   1.6035997e+04   6.9698304e+02  -1.3990000e+00
   2.2898207e+04   1.6036898e+04   7.0508750e+02  -1.4460000e+00
   2.2906261e+04   1.6037799e+04   7.1319197e+02  -1.5230000e+00
   2.2914315e+04   1.6038700e+04   7.2129644e+02  -1.5880000e+00
   2.2922369e+04   1.6039600e+04   7.2940090e+02  -2.5020000e+00
   2.2930424e+04   1.6040501e+04   7.3750537e+02  -3.4780000e+00
   2.2938478e+04   1.6041402e+04   7.4560984e+02  -4.5850000e+00
   2.2946532e+04   1.6042302e+04   7.5371419e+02  -5.6400000e+00
   2.2954586e+04   1.6043203e+04   7.6181866e+02  -5.4690000e+00
   2.2962641e+04   1.6044104e+04   7.6992313e+02  -4.8950000e+00
   2.2970695e+04   1.6045005e+04   7.7802759e+02  -4.2550000e+00
   2.2978749e+04   1.6045906e+04   7.8613206e+02  -2.7790000e+00
   2.2986803e+04   1.6046807e+04   7.9423653e+02  -1.8890000e+00
   2.2994858e+04   1.6047707e+04   8.0234099e+02  -1.2590000e+00
   2.3002912e+04   1.6048608e+04   8.1044546e+02  -9.0000000e-01
   2.3010966e+04   1.6049509e+04   8.1854993e+02  -5.2500000e-01
   2.3019020e+04   1.6050409e+04   8.2665428e+02  -3.1800000e-01
   2.3027075e+04   1.6051310e+04   8.3475875e+02  -3.2800000e-01
   2.3035129e+04   1.6052211e+04   8.4286322e+02   4.6000000e-01
   2.3043183e+04   1.6053112e+04   8.5096768e+02   1.5760000e+00
   2.3051237e+04   1.6054013e+04   8.5907215e+02   2.4070000e+00
   2.3059291e+04   1.6054913e+04   8.6717662e+02   3.0020000e+00
   2.3067346e+04   1.6055814e+04   8.7528109e+02   3.5240000e+00
   2.3075400e+04   1.6056715e+04   8.8338555e+02   4.1400000e+00
   2.3083454e+04   1.6057616e+04   8.9149002e+02   4.6900000e+00
   2.3091508e+04   1.6058516e+04   8.9959437e+02   4.9650000e+00
   2.3099563e+04   1.6059417e+04   9.0769884e+02   4.7390000e+00
   2.3107617e+04   1.6060318e+04   9.1580331e+02   4.4200000e+00
   2.3115671e+04   1.6061219e+04   9.2390777e+02   4.3190000e+00
   2.3123725e+04   1.6062120e+04   9.3201224e+02   4.2160000e+00
   2.3131780e+04   1.6063020e+04   9.4011671e+02   4.3590000e+00
   2.3139834e+04   1.6063921e+04   9.4822118e+02   4.6530000e+00
   2.3147888e+04   1.6064822e+04   9.5632564e+02   4.9390000e+00
   2.3155942e+04   1.6065723e+04   9.6443011e+02   5.2580000e+00
   2.3163997e+04   1.6066623e+04   9.7253446e+02   5.6050000e+00
   2.3172051e+04   1.6067524e+04   9.8063893e+02   5.9770000e+00
   2.3180105e+04   1.6068425e+04   9.8874340e+02   6.3140000e+00
   2.3188159e+04   1.6069326e+04   9.9684786e+02   6.5700000e+00
   2.3196214e+04   1.6070226e+04   1.0049523e+03   6.7190000e+00
   2.3204268e+04   1.6071127e+04   1.0130568e+03   6.7760000e+00
   2.3212322e+04   1.6072028e+04   1.0211613e+03   6.7860000e+00
   2.3220376e+04   1.6072929e+04   1.0292657e+03   6.7920000e+00
   2.3228431e+04   1.6073829e+04   1.0373701e+03   6.8060000e+00
   2.3236485e+04   1.6074730e+04   1.0454746e+03   6.8340000e+00
   2.3244539e+04   1.6075631e+04   1.0535790e+03   6.8790000e+00
   2.3252593e+04   1.6076532e+04   1.0616835e+03   6.9440000e+00
   2.3260648e+04   1.6077432e+04   1.0697880e+03   7.0270000e+00
   2.3268702e+04   1.6078333e+04   1.0778924e+03   7.1240000e+00
   2.3276756e+04   1.6079234e+04   1.0859969e+03   7.2280000e+00
   2.3284810e+04   1.6080135e+04   1.0941014e+03   7.3380000e+00
   2.3292864e+04   1.6081036e+04   1.1022058e+03   7.4500000e+00
   2.3300919e+04   1.6081936e+04   1.1103102e+03   7.5520000e+00
   2.3308973e+04   1.6082837e+04   1.1184146e+03   7.6390000e+00
   2.3317027e+04   1.6083738e+04   1.1265191e+03   7.7110000e+00
   2.3325081e+04   1.6084639e+04   1.1346236e+03   7.7620000e+00
   2.3333136e+04   1.6085539e+04   1.1427280e+03   7.7970000e+00
   2.3341190e+04   1.6086440e+04   1.1508325e+03   7.8310000e+00
   2.3349244e+04   1.6087341e+04   1.1589370e+03   7.8750000e+00
   2.3357298e+04   1.6088242e+04   1.1670414e+03   7.9370000e+00
   2.3365353e+04   1.6089143e+04   1.1751459e+03   8.0120000e+00
   2.3373407e+04   1.6090043e+04   1.1832503e+03   8.1180000e+00
   2.3381461e+04   1.6090944e+04   1.1913547e+03   8.2540000e+00
   2.3389515e+04   1.6091845e+04   1.1994592e+03   8.3850000e+00
   2.3397570e+04   1.6092745e+04   1.2075637e+03   8.5020000e+00
   2.3405624e+04   1.6093646e+04   1.2156681e+03   8.5930000e+00
   2.3413678e+04   1.6094547e+04   1.2237726e+03   8.6520000e+00
   2.3421732e+04   1.6095448e+04   1.2318771e+03   8.6790000e+00
   2.3429787e+04   1.6096349e+04   1.2399815e+03   8.6860000e+00
   2.3437841e+04   1.6097250e+04   1.2480860e+03   8.6920000e+00
   2.3445895e+04   1.6098150e+04   1.2561904e+03   8.6950000e+00
   2.3453949e+04   1.6099051e+04   1.2642948e+03   8.6950000e+00
   2.3462004e+04   1.6099952e+04   1.2723993e+03   8.6940000e+00
   2.3470058e+04   1.6100852e+04   1.2805038e+03   8.6990000e+00
   2.3478112e+04   1.6101753e+04   1.2886082e+03   8.7180000e+00
   2.3486166e+04   1.6102654e+04   1.2967127e+03   8.7580000e+00
   2.3494220e+04   1.6103555e+04   1.3048172e+03   8.8220000e+00
   2.3502275e+04   1.6104456e+04   1.3129216e+03   8.9040000e+00
   2.3510329e+04   1.6105357e+04   1.3210261e+03   8.9810000e+00
   2.3518383e+04   1.6106257e+04   1.3291304e+03   9.0480000e+00
   2.3526437e+04   1.6107158e+04   1.3372349e+03   9.1040000e+00
   2.3534492e+04   1.6108058e+04   1.3453394e+03   9.1490000e+00
   2.3542546e+04   1.6108959e+04   1.3534438e+03   9.1850000e+00
   2.3550600e+04   1.6109860e+04   1.3615483e+03   9.2140000e+00
   2.3558654e+04   1.6110761e+04   1.3696528e+03   9.2390000e+00
   2.3566709e+04   1.6111662e+04   1.3777573e+03   9.2590000e+00
   2.3574763e+04   1.6112563e+04   1.3858617e+03   9.2770000e+00
   2.3582817e+04   1.6113464e+04   1.3939662e+03   9.2930000e+00
   2.3590871e+04   1.6114364e+04   1.4020705e+03   9.3090000e+00
   2.3598926e+04   1.6115265e+04   1.4101750e+03   9.3230000e+00
   2.3606980e+04   1.6116165e+04   1.4182795e+03   9.3340000e+00
   2.3615034e+04   1.6117066e+04   1.4263839e+03   9.3560000e+00
   2.3623088e+04   1.6117967e+04   1.4344884e+03   9.3860000e+00
   2.3631143e+04   1.6118868e+04   1.4425929e+03   9.4100000e+00
   2.3639197e+04   1.6119769e+04   1.4506973e+03   9.4300000e+00
   2.3647251e+04   1.6120670e+04   1.4588018e+03   9.4480000e+00
   2.3655305e+04   1.6121570e+04   1.4669062e+03   9.4660000e+00
   2.3663360e+04   1.6122471e+04   1.4750106e+03   9.4830000e+00
   2.3671414e+04   1.6123371e+04   1.4831151e+03   9.5010000e+00
   2.3679468e+04   1.6124272e+04   1.4912196e+03   9.5220000e+00
   2.3687522e+04   1.6125173e+04   1.4993240e+03   9.5470000e+00
   2.3695577e+04   1.6126074e+04   1.5074285e+03   9.5730000e+00
   2.3703631e+04   1.6126975e+04   1.5155330e+03   9.5960000e+00
   2.3711685e+04   1.6127876e+04   1.5236374e+03   9.6180000e+00
   2.3719739e+04   1.6128777e+04   1.5317419e+03   9.6310000e+00
   2.3727793e+04   1.6129677e+04   1.5398463e+03   9.6320000e+00
   2.3735848e+04   1.6130577e+04   1.5479507e+03   9.6370000e+00
   2.3743902e+04   1.6131478e+04   1.5560552e+03   9.6430000e+00
   2.3751956e+04   1.6132379e+04   1.5641597e+03   9.6460000e+00
   2.3760010e+04   1.6133280e+04   1.5722641e+03   9.6470000e+00
   2.3768065e+04   1.6134181e+04   1.5803686e+03   9.6470000e+00
   2.3776119e+04   1.6135082e+04   1.5884731e+03   9.6490000e+00
   2.3784173e+04   1.6135983e+04   1.5965775e+03   9.6500000e+00
   2.3792227e+04   1.6136884e+04   1.6046820e+03   9.6490000e+00
   2.3800282e+04   1.6137784e+04   1.6127863e+03   9.6500000e+00
   2.3808336e+04   1.6138684e+04   1.6208908e+03   9.6530000e+00
   2.3816390e+04   1.6139585e+04   1.6289953e+03   9.6630000e+00
   2.3824444e+04   1.6140486e+04   1.6370997e+03   9.6830000e+00
   2.3832499e+04   1.6141387e+04   1.6452042e+03   9.7090000e+00
   2.3840553e+04   1.6142288e+04   1.6533087e+03   9.7360000e+00
   2.3848607e+04   1.6143189e+04   1.6614131e+03   9.7750000e+00
   2.3856661e+04   1.6144090e+04   1.6695176e+03   9.8110000e+00
   2.3864716e+04   1.6144991e+04   1.6776221e+03   9.8450000e+00
   2.3872770e+04   1.6145890e+04   1.6857264e+03   9.8750000e+00
   2.3880824e+04   1.6146791e+04   1.6938309e+03   9.9050000e+00
   2.3888878e+04   1.6147692e+04   1.7019354e+03   9.9320000e+00
   2.3896933e+04   1.6148593e+04   1.7100398e+03   9.9580000e+00
   2.3904987e+04   1.6149494e+04   1.7181443e+03   9.9830000e+00
   2.3913041e+04   1.6150395e+04   1.7262488e+03   1.0007000e+01
   2.3921095e+04   1.6151296e+04   1.7343532e+03   1.0030000e+01
   2.3929149e+04   1.6152197e+04   1.7424577e+03   1.0053000e+01
   2.3937204e+04   1.6153098e+04   1.7505622e+03   1.0074000e+01
   2.3945258e+04   1.6153997e+04   1.7586665e+03   1.0083000e+01
   2.3953312e+04   1.6154898e+04   1.7667710e+03   1.0120000e+01
   2.3961366e+04   1.6155799e+04   1.7748755e+03   1.0205000e+01
   2.3969421e+04   1.6156700e+04   1.7829799e+03   1.0217000e+01
   2.3977475e+04   1.6157601e+04   1.7910844e+03   1.0207000e+01
   2.3985529e+04   1.6158502e+04   1.7991889e+03   1.0201000e+01
   2.3993583e+04   1.6159403e+04   1.8072933e+03   1.0220000e+01
   2.4001638e+04   1.6160304e+04   1.8153978e+03   1.0253000e+01
   2.4009692e+04   1.6161203e+04   1.8235021e+03   1.0295000e+01
   2.4017746e+04   1.6162104e+04   1.8316066e+03   1.0334000e+01
   2.4025800e+04   1.6163005e+04   1.8397111e+03   1.0379000e+01
   2.4033855e+04   1.6163906e+04   1.8478155e+03   1.0432000e+01
   2.4041909e+04   1.6164807e+04   1.8559200e+03   1.0491000e+01
   2.4049963e+04   1.6165708e+04   1.8640245e+03   1.0549000e+01
   2.4058017e+04   1.6166609e+04   1.8721289e+03   1.0595000e+01
   2.4066072e+04   1.6167510e+04   1.8802334e+03   1.0604000e+01
   2.4074126e+04   1.6168411e+04   1.8883379e+03   1.0526000e+01
   2.4082180e+04   1.6169310e+04   1.8964422e+03   1.0445000e+01
   2.4090234e+04   1.6170211e+04   1.9045467e+03   1.0388000e+01
   2.4098289e+04   1.6171112e+04   1.9126512e+03   1.0341000e+01
   2.4106343e+04   1.6172013e+04   1.9207556e+03   1.0335000e+01
   2.4114397e+04   1.6172914e+04   1.9288601e+03   1.0325000e+01
   2.4122451e+04   1.6173815e+04   1.9369646e+03   1.0309000e+01
   2.4130506e+04   1.6174716e+04   1.9450690e+03   1.0290000e+01
   2.4138560e+04   1.6175617e+04   1.9531735e+03   1.0271000e+01
   2.4146614e+04   1.6176517e+04   1.9612780e+03   1.0255000e+01
   2.4154668e+04   1.6177417e+04   1.9693823e+03   1.0238000e+01
   2.4162722e+04   1.6178318e+04   1.9774868e+03   1.0219000e+01
   2.4170777e+04   1.6179219e+04   1.9855913e+03   1.0198000e+01
   2.4178831e+04   1.6180120e+04   1.9936957e+03   1.0175000e+01
   2.4186885e+04   1.6181021e+04   2.0018002e+03   1.0152000e+01
   2.4194939e+04   1.6181922e+04   2.0099047e+03   1.0123000e+01
   2.4202994e+04   1.6182823e+04   2.0180091e+03   1.0078000e+01
   2.4211048e+04   1.6183724e+04   2.0261136e+03   1.0022000e+01
   2.4219102e+04   1.6184624e+04   2.0342181e+03   9.9630000e+00
   2.4227156e+04   1.6185524e+04   2.0423224e+03   9.9340000e+00
   2.4235211e+04   1.6186425e+04   2.0504269e+03   9.9420000e+00
   2.4243265e+04   1.6187326e+04   2.0585314e+03   9.9590000e+00
   2.4251319e+04   1.6188227e+04   2.0666358e+03   9.9780000e+00
   2.4259373e+04   1.6189128e+04   2.0747403e+03   9.9940000e+00
   2.4267428e+04   1.6190029e+04   2.0828448e+03   1.0004000e+01
   2.4275482e+04   1.6190930e+04   2.0909492e+03   1.0010000e+01
   2.4283536e+04   1.6191830e+04   2.0990537e+03   1.0016000e+01
   2.4291590e+04   1.6192731e+04   2.1071582e+03   1.0020000e+01
   2.4299645e+04   1.6193631e+04   2.1152625e+03   1.0020000e+01
   2.4307699e+04   1.6194532e+04   2.1233670e+03   1.0022000e+01
   2.4315753e+04   1.6195433e+04   2.1314714e+03   1.0014000e+01
   2.4323807e+04   1.6196334e+04   2.1395759e+03   9.9970000e+00
   2.4331862e+04   1.6197235e+04   2.1476804e+03   9.9760000e+00
   2.4339916e+04   1.6198136e+04   2.1557848e+03   9.9650000e+00
   2.4347970e+04   1.6199036e+04   2.1638893e+03   9.9820000e+00
   2.4356024e+04   1.6199937e+04   2.1719938e+03   1.0036000e+01
   2.4364078e+04   1.6200838e+04   2.1800982e+03   1.0114000e+01
   2.4372133e+04   1.6201738e+04   2.1882026e+03   1.0202000e+01
   2.4380187e+04   1.6202639e+04   2.1963071e+03   1.0289000e+01
   2.4388241e+04   1.6203540e+04   2.2044115e+03   1.0373000e+01
   2.4396295e+04   1.6204441e+04   2.2125160e+03   1.0454000e+01
   2.4404350e+04   1.6205342e+04   2.2206205e+03   1.0536000e+01
   2.4412404e+04   1.6206243e+04   2.2287249e+03   1.0617000e+01
   2.4420458e+04   1.6207143e+04   2.2368294e+03   1.0694000e+01
   2.4428512e+04   1.6208044e+04   2.2449339e+03   1.0767000e+01
   2.4436567e+04   1.6208944e+04   2.2530382e+03   1.0825000e+01
   2.4444621e+04   1.6209845e+04   2.2611427e+03   1.0859000e+01
   2.4452675e+04   1.6210746e+04   2.2692472e+03   1.0866000e+01
   2.4460729e+04   1.6211647e+04   2.2773516e+03   1.0853000e+01
   2.4468784e+04   1.6212548e+04   2.2854561e+03   1.0854000e+01
   2.4476838e+04   1.6213449e+04   2.2935606e+03   1.0869000e+01
   2.4484892e+04   1.6214349e+04   2.3016650e+03   1.0896000e+01
   2.4492946e+04   1.6215250e+04   2.3097695e+03   1.0930000e+01
   2.4501001e+04   1.6216151e+04   2.3178740e+03   1.0961000e+01
   2.4509055e+04   1.6217051e+04   2.3259783e+03   1.0996000e+01
   2.4517109e+04   1.6217952e+04   2.3340828e+03   1.1034000e+01
   2.4525163e+04   1.6218853e+04   2.3421872e+03   1.1070000e+01
   2.4533218e+04   1.6219754e+04   2.3502917e+03   1.1105000e+01
   2.4541272e+04   1.6220655e+04   2.3583962e+03   1.1142000e+01
   2.4549326e+04   1.6221556e+04   2.3665006e+03   1.1182000e+01
   2.4557380e+04   1.6222456e+04   2.3746051e+03   1.1215000e+01
   2.4565435e+04   1.6223357e+04   2.3827096e+03   1.1232000e+01
   2.4573489e+04   1.6224258e+04   2.3908140e+03   1.1232000e+01
   2.4581543e+04   1.6225158e+04   2.3989184e+03   1.1279000e+01
   2.4589597e+04   1.6226059e+04   2.4070229e+03   1.1313000e+01
   2.4597651e+04   1.6226960e+04   2.4151273e+03   1.1312000e+01
