   2.2390789e+04   1.2869783e+04   0.0000000e+00   5.1100000e-01
   2.2398844e+04   1.2870684e+04   8.1044672e+00   5.0200000e-01
   2.2406898e+04   1.2871585e+04   1.6208934e+01   5.0000000e-01
   2.2414952e+04   1.2872486e+04   2.4313402e+01   5.0100000e-01
   2.2423006e+04   1.2873387e+04   3.2417869e+01   5.2500000e-01
   2.2431061e+04   1.2874287e+04   4.0522222e+01   5.5600000e-01
   2.2439115e+04   1.2875187e+04   4.8626689e+01   5.8400000e-01
   2.2447169e+04   1.2876088e+04   5.6731156e+01   6.0800000e-01
   2.2455223e+04   1.2876989e+04   6.4835623e+01   6.2600000e-01
   2.2463278e+04   1.2877890e+04   7.2940090e+01   6.3800000e-01
   2.2471332e+04   1.2878791e+04   8.1044558e+01   6.4300000e-01
   2.2479386e+04   1.2879692e+04   8.9149025e+01   6.4000000e-01
   2.2487440e+04   1.2880593e+04   9.7253492e+01   6.2800000e-01
   2.2495495e+04   1.2881494e+04   1.0535796e+02   6.0500000e-01
   2.2503549e+04   1.2882394e+04   1.1346231e+02   5.7700000e-01
   2.2511603e+04   1.2883294e+04   1.2156678e+02   5.5000000e-01
   2.2519657e+04   1.2884195e+04   1.2967125e+02   5.3300000e-01
   2.2527712e+04   1.2885096e+04   1.3777571e+02   5.3800000e-01
   2.2535766e+04   1.2885997e+04   1.4588018e+02   5.5700000e-01
   2.2543820e+04   1.2886898e+04   1.5398465e+02   5.7500000e-01
   2.2551874e+04   1.2887799e+04   1.6208912e+02   5.6900000e-01
   2.2559929e+04   1.2888700e+04   1.7019358e+02   5.1800000e-01
   2.2567983e+04   1.2889601e+04   1.7829805e+02   3.9300000e-01
   2.2576037e+04   1.2890500e+04   1.8640240e+02   1.2100000e-01
   2.2584091e+04   1.2891401e+04   1.9450687e+02  -3.0000000e-01
   2.2592146e+04   1.2892302e+04   2.0261134e+02  -3.0800000e-01
   2.2600200e+04   1.2893203e+04   2.1071580e+02  -3.1000000e-01
   2.2608254e+04   1.2894104e+04   2.1882027e+02  -3.0700000e-01
   2.2616308e+04   1.2895005e+04   2.2692474e+02  -3.1300000e-01
   2.2624362e+04   1.2895906e+04   2.3502921e+02  -3.3400000e-01
   2.2632417e+04   1.2896807e+04   2.4313367e+02  -3.2600000e-01
   2.2640471e+04   1.2897706e+04   2.5123803e+02  -1.8900000e-01
   2.2648525e+04   1.2898607e+04   2.5934249e+02   9.8000000e-02
   2.2656579e+04   1.2899508e+04   2.6744696e+02   4.2900000e-01
   2.2664634e+04   1.2900409e+04   2.7555143e+02   6.1300000e-01
   2.2672688e+04   1.2901310e+04   2.8365589e+02   6.4700000e-01
   2.2680742e+04   1.2902211e+04   2.9176036e+02   6.0200000e-01
   2.2688796e+04   1.2903112e+04   2.9986483e+02   5.6800000e-01
   2.2696851e+04   1.2904013e+04   3.0796930e+02   5.4400000e-01
   2.2704905e+04   1.2904914e+04   3.1607376e+02   5.2500000e-01
   2.2712959e+04   1.2905813e+04   3.2417812e+02   5.3600000e-01
   2.2721013e+04   1.2906714e+04   3.3228258e+02   5.3800000e-01
   2.2729068e+04   1.2907615e+04   3.4038705e+02   4.9100000e-01
   2.2737122e+04   1.2908516e+04   3.4849152e+02   3.1700000e-01
   2.2745176e+04   1.2909417e+04   3.5659598e+02   9.9000000e-02
   2.2753230e+04   1.2910318e+04   3.6470045e+02  -1.0700000e-01
   2.2761285e+04   1.2911219e+04   3.7280492e+02  -2.5000000e-01
   2.2769339e+04   1.2912120e+04   3.8090939e+02  -2.9800000e-01
   2.2777393e+04   1.2913021e+04   3.8901385e+02  -3.0700000e-01
   2.2785447e+04   1.2913920e+04   3.9711821e+02  -3.0000000e-01
   2.2793502e+04   1.2914821e+04   4.0522267e+02  -2.9900000e-01
   2.2801556e+04   1.2915722e+04   4.1332714e+02  -3.0200000e-01
   2.2809610e+04   1.2916623e+04   4.2143161e+02  -3.0700000e-01
   2.2817664e+04   1.2917524e+04   4.2953608e+02  -3.5300000e-01
   2.2825718e+04   1.2918425e+04   4.3764054e+02  -4.2600000e-01
   2.2833773e+04   1.2919326e+04   4.4574501e+02  -5.5900000e-01
   2.2841827e+04   1.2920227e+04   4.5384948e+02  -6.6700000e-01
   2.2849881e+04   1.2921127e+04   4.6195394e+02  -7.8000000e-01
   2.2857935e+04   1.2922027e+04   4.7005830e+02  -1.1770000e+00
   2.2865990e+04   1.2922928e+04   4.7816276e+02  -1.3860000e+00
   2.2874044e+04   1.2923829e+04   4.8626723e+02  -1.2630000e+00
   2.2882098e+04   1.2924730e+04   4.9437170e+02  -8.7400000e-01
   2.2890152e+04   1.2925631e+04   5.0247617e+02  -6.9000000e-01
   2.2898207e+04   1.2926532e+04   5.1058063e+02  -6.9800000e-01
   2.2906261e+04   1.2927433e+04   5.1868510e+02  -7.7700000e-01
   2.2914315e+04   1.2928333e+04   5.2678957e+02  -6.5200000e-01
   2.2922369e+04   1.2929234e+04   5.3489403e+02  -5.4700000e-01
   2.2930424e+04   1.2930134e+04   5.4299839e+02  -4.7700000e-01
   2.2938478e+04   1.2931035e+04   5.5110285e+02  -4.6300000e-01
   2.2946532e+04   1.2931936e+04   5.5920732e+02  -4.8400000e-01
   2.2954586e+04   1.2932837e+04   5.6731179e+02  -4.6100000e-01
   2.2962641e+04   1.2933738e+04   5.7541626e+02  -4.1900000e-01
   2.2970695e+04   1.2934639e+04   5.8352072e+02  -4.2000000e-01
   2.2978749e+04   1.2935540e+04   5.9162519e+02  -5.0100000e-01
   2.2986803e+04   1.2936440e+04   5.9972966e+02  -5.2700000e-01
   2.2994858e+04   1.2937340e+04   6.0783401e+02  -5.4700000e-01
   2.3002912e+04   1.2938241e+04   6.1593848e+02  -5.2800000e-01
   2.3010966e+04   1.2939142e+04   6.2404295e+02  -8.9700000e-01
   2.3019020e+04   1.2940043e+04   6.3214741e+02  -1.2520000e+00
   2.3027075e+04   1.2940944e+04   6.4025188e+02  -9.5400000e-01
   2.3035129e+04   1.2941845e+04   6.4835635e+02  -9.6700000e-01
   2.3043183e+04   1.2942746e+04   6.5646081e+02  -1.2640000e+00
   2.3051237e+04   1.2943646e+04   6.6456528e+02  -8.0000000e-01
   2.3059291e+04   1.2944547e+04   6.7266975e+02  -1.0880000e+00
   2.3067346e+04   1.2945447e+04   6.8077410e+02  -1.3490000e+00
   2.3075400e+04   1.2946348e+04   6.8887857e+02  -1.7600000e+00
   2.3083454e+04   1.2947249e+04   6.9698304e+02  -2.1350000e+00
   2.3091508e+04   1.2948150e+04   7.0508750e+02  -1.8440000e+00
   2.3099563e+04   1.2949051e+04   7.1319197e+02  -1.8790000e+00
   2.3107617e+04   1.2949952e+04   7.2129644e+02  -1.9020000e+00
   2.3115671e+04   1.2950853e+04   7.2940090e+02  -1.4880000e+00
   2.3123725e+04   1.2951753e+04   7.3750537e+02  -1.3640000e+00
   2.3131780e+04   1.2952654e+04   7.4560984e+02  -1.1830000e+00
   2.3139834e+04   1.2953554e+04   7.5371419e+02  -1.1220000e+00
   2.3147888e+04   1.2954455e+04   7.6181866e+02  -1.1880000e+00
   2.3155942e+04   1.2955356e+04   7.6992313e+02  -1.2550000e+00
   2.3163997e+04   1.2956257e+04   7.7802759e+02  -1.1130000e+00
   2.3172051e+04   1.2957158e+04   7.8613206e+02  -9.4600000e-01
   2.3180105e+04   1.2958059e+04   7.9423653e+02  -1.0780000e+00
   2.3188159e+04   1.2958959e+04   8.0234099e+02  -1.2730000e+00
   2.3196214e+04   1.2959860e+04   8.1044546e+02  -1.2590000e+00
   2.3204268e+04   1.2960761e+04   8.1854993e+02  -2.1080000e+00
   2.3212322e+04   1.2961661e+04   8.2665428e+02  -4.1310000e+00
   2.3220376e+04   1.2962562e+04   8.3475875e+02  -5.2680000e+00
   2.3228431e+04   1.2963463e+04   8.4286322e+02  -4.9250000e+00
   2.3236485e+04   1.2964364e+04   8.5096768e+02  -3.7830000e+00
   2.3244539e+04   1.2965265e+04   8.5907215e+02  -2.9520000e+00
   2.3252593e+04   1.2966165e+04   8.6717662e+02  -2.2150000e+00
   2.3260648e+04   1.2967066e+04   8.7528109e+02  -1.8830000e+00
   2.3268702e+04   1.2967967e+04   8.8338555e+02  -1.6690000e+00
   2.3276756e+04   1.2968868e+04   8.9149002e+02  -9.3700000e-01
   2.3284810e+04   1.2969768e+04   8.9959437e+02  -4.5000000e-01
   2.3292864e+04   1.2970669e+04   9.0769884e+02  -4.1600000e-01
   2.3300919e+04   1.2971570e+04   9.1580331e+02  -4.3600000e-01
   2.3308973e+04   1.2972471e+04   9.2390777e+02  -3.4100000e-01
   2.3317027e+04   1.2973372e+04   9.3201224e+02  -1.8200000e-01
   2.3325081e+04   1.2974272e+04   9.4011671e+02   1.2500000e-01
   2.3333136e+04   1.2975173e+04   9.4822118e+02   5.1100000e-01
   2.3341190e+04   1.2976074e+04   9.5632564e+02   9.1800000e-01
   2.3349244e+04   1.2976975e+04   9.6443011e+02   1.3380000e+00
   2.3357298e+04   1.2977875e+04   9.7253446e+02   1.7890000e+00
   2.3365353e+04   1.2978776e+04   9.8063893e+02   2.3090000e+00
   2.3373407e+04   1.2979677e+04   9.8874340e+02   2.7910000e+00
   2.3381461e+04   1.2980578e+04   9.9684786e+02   3.1250000e+00
   2.3389515e+04   1.2981478e+04   1.0049523e+03   3.1870000e+00
   2.3397570e+04   1.2982379e+04   1.0130568e+03   3.1830000e+00
   2.3405624e+04   1.2983280e+04   1.0211613e+03   3.2350000e+00
   2.3413678e+04   1.2984181e+04   1.0292657e+03   3.5370000e+00
   2.3421732e+04   1.2985081e+04   1.0373701e+03   3.9060000e+00
   2.3429787e+04   1.2985982e+04   1.0454746e+03   4.2760000e+00
   2.3437841e+04   1.2986883e+04   1.0535790e+03   4.6160000e+00
   2.3445895e+04   1.2987784e+04   1.0616835e+03   4.9200000e+00
   2.3453949e+04   1.2988685e+04   1.0697880e+03   5.1980000e+00
   2.3462004e+04   1.2989585e+04   1.0778924e+03   5.4580000e+00
   2.3470058e+04   1.2990486e+04   1.0859969e+03   5.6970000e+00
   2.3478112e+04   1.2991387e+04   1.0941014e+03   5.9130000e+00
   2.3486166e+04   1.2992288e+04   1.1022058e+03   6.1070000e+00
   2.3494220e+04   1.2993188e+04   1.1103102e+03   6.2770000e+00
   2.3502275e+04   1.2994089e+04   1.1184146e+03   6.4260000e+00
   2.3510329e+04   1.2994990e+04   1.1265191e+03   6.5520000e+00
   2.3518383e+04   1.2995891e+04   1.1346236e+03   6.6570000e+00
   2.3526437e+04   1.2996791e+04   1.1427280e+03   6.7450000e+00
   2.3534492e+04   1.2997692e+04   1.1508325e+03   6.8230000e+00
   2.3542546e+04   1.2998593e+04   1.1589370e+03   6.8950000e+00
   2.3550600e+04   1.2999494e+04   1.1670414e+03   6.9620000e+00
   2.3558654e+04   1.3000395e+04   1.1751459e+03   7.0280000e+00
   2.3566709e+04   1.3001295e+04   1.1832503e+03   7.0940000e+00
   2.3574763e+04   1.3002196e+04   1.1913547e+03   7.1580000e+00
   2.3582817e+04   1.3003097e+04   1.1994592e+03   7.2170000e+00
   2.3590871e+04   1.3003998e+04   1.2075637e+03   7.2730000e+00
   2.3598926e+04   1.3004898e+04   1.2156681e+03   7.3250000e+00
   2.3606980e+04   1.3005799e+04   1.2237726e+03   7.3790000e+00
   2.3615034e+04   1.3006700e+04   1.2318771e+03   7.4280000e+00
   2.3623088e+04   1.3007601e+04   1.2399815e+03   7.4650000e+00
   2.3631143e+04   1.3008502e+04   1.2480860e+03   7.4830000e+00
   2.3639197e+04   1.3009402e+04   1.2561904e+03   7.4910000e+00
   2.3647251e+04   1.3010303e+04   1.2642948e+03   7.4920000e+00
   2.3655305e+04   1.3011204e+04   1.2723993e+03   7.4890000e+00
   2.3663360e+04   1.3012104e+04   1.2805038e+03   7.4830000e+00
   2.3671414e+04   1.3013005e+04   1.2886082e+03   7.4770000e+00
   2.3679468e+04   1.3013906e+04   1.2967127e+03   7.4720000e+00
   2.3687522e+04   1.3014807e+04   1.3048172e+03   7.4700000e+00
   2.3695577e+04   1.3015708e+04   1.3129216e+03   7.4730000e+00
   2.3703631e+04   1.3016609e+04   1.3210261e+03   7.4800000e+00
   2.3711685e+04   1.3017509e+04   1.3291304e+03   7.4890000e+00
   2.3719739e+04   1.3018410e+04   1.3372349e+03   7.4990000e+00
   2.3727793e+04   1.3019310e+04   1.3453394e+03   7.5080000e+00
   2.3735848e+04   1.3020211e+04   1.3534438e+03   7.5160000e+00
   2.3743902e+04   1.3021112e+04   1.3615483e+03   7.5210000e+00
   2.3751956e+04   1.3022013e+04   1.3696528e+03   7.5240000e+00
   2.3760010e+04   1.3022914e+04   1.3777573e+03   7.5270000e+00
   2.3768065e+04   1.3023815e+04   1.3858617e+03   7.5290000e+00
   2.3776119e+04   1.3024716e+04   1.3939662e+03   7.5290000e+00
   2.3784173e+04   1.3025616e+04   1.4020705e+03   7.5240000e+00
   2.3792227e+04   1.3026517e+04   1.4101750e+03   7.5170000e+00
   2.3800282e+04   1.3027417e+04   1.4182795e+03   7.5090000e+00
   2.3808336e+04   1.3028318e+04   1.4263839e+03   7.4990000e+00
   2.3816390e+04   1.3029219e+04   1.4344884e+03   7.4870000e+00
   2.3824444e+04   1.3030120e+04   1.4425929e+03   7.4750000e+00
   2.3832499e+04   1.3031021e+04   1.4506973e+03   7.4640000e+00
   2.3840553e+04   1.3031922e+04   1.4588018e+03   7.4540000e+00
   2.3848607e+04   1.3032822e+04   1.4669062e+03   7.4430000e+00
   2.3856661e+04   1.3033723e+04   1.4750106e+03   7.4330000e+00
   2.3864716e+04   1.3034623e+04   1.4831151e+03   7.4310000e+00
   2.3872770e+04   1.3035524e+04   1.4912196e+03   7.4320000e+00
   2.3880824e+04   1.3036425e+04   1.4993240e+03   7.4340000e+00
   2.3888878e+04   1.3037326e+04   1.5074285e+03   7.4390000e+00
   2.3896933e+04   1.3038227e+04   1.5155330e+03   7.4440000e+00
   2.3904987e+04   1.3039128e+04   1.5236374e+03   7.4510000e+00
   2.3913041e+04   1.3040029e+04   1.5317419e+03   7.4590000e+00
   2.3921095e+04   1.3040929e+04   1.5398463e+03   7.4700000e+00
   2.3929149e+04   1.3041830e+04   1.5479507e+03   7.4830000e+00
   2.3937204e+04   1.3042730e+04   1.5560552e+03   7.4990000e+00
   2.3945258e+04   1.3043631e+04   1.5641597e+03   7.5180000e+00
   2.3953312e+04   1.3044532e+04   1.5722641e+03   7.5360000e+00
   2.3961366e+04   1.3045433e+04   1.5803686e+03   7.5560000e+00
   2.3969421e+04   1.3046334e+04   1.5884731e+03   7.5770000e+00
   2.3977475e+04   1.3047235e+04   1.5965775e+03   7.5980000e+00
   2.3985529e+04   1.3048136e+04   1.6046820e+03   7.6160000e+00
   2.3993583e+04   1.3049036e+04   1.6127863e+03   7.6280000e+00
   2.4001638e+04   1.3049936e+04   1.6208908e+03   7.6340000e+00
   2.4009692e+04   1.3050837e+04   1.6289953e+03   7.6330000e+00
   2.4017746e+04   1.3051738e+04   1.6370997e+03   7.6290000e+00
   2.4025800e+04   1.3052639e+04   1.6452042e+03   7.6230000e+00
   2.4033855e+04   1.3053540e+04   1.6533087e+03   7.6180000e+00
   2.4041909e+04   1.3054441e+04   1.6614131e+03   7.6160000e+00
   2.4049963e+04   1.3055342e+04   1.6695176e+03   7.6180000e+00
   2.4058017e+04   1.3056243e+04   1.6776221e+03   7.6250000e+00
   2.4066072e+04   1.3057143e+04   1.6857264e+03   7.6380000e+00
   2.4074126e+04   1.3058043e+04   1.6938309e+03   7.6570000e+00
   2.4082180e+04   1.3058944e+04   1.7019354e+03   7.6800000e+00
   2.4090234e+04   1.3059845e+04   1.7100398e+03   7.7060000e+00
   2.4098289e+04   1.3060746e+04   1.7181443e+03   7.7260000e+00
   2.4106343e+04   1.3061647e+04   1.7262488e+03   7.7330000e+00
   2.4114397e+04   1.3062548e+04   1.7343532e+03   7.7210000e+00
   2.4122451e+04   1.3063449e+04   1.7424577e+03   7.7000000e+00
   2.4130506e+04   1.3064350e+04   1.7505622e+03   7.6830000e+00
   2.4138560e+04   1.3065249e+04   1.7586665e+03   7.6910000e+00
   2.4146614e+04   1.3066150e+04   1.7667710e+03   7.7140000e+00
   2.4154668e+04   1.3067051e+04   1.7748755e+03   7.7490000e+00
   2.4162722e+04   1.3067952e+04   1.7829799e+03   7.7770000e+00
   2.4170777e+04   1.3068853e+04   1.7910844e+03   7.8020000e+00
   2.4178831e+04   1.3069754e+04   1.7991889e+03   7.8180000e+00
   2.4186885e+04   1.3070655e+04   1.8072933e+03   7.8160000e+00
   2.4194939e+04   1.3071556e+04   1.8153978e+03   7.8060000e+00
   2.4202994e+04   1.3072455e+04   1.8235021e+03   7.7940000e+00
   2.4211048e+04   1.3073356e+04   1.8316066e+03   7.7840000e+00
   2.4219102e+04   1.3074257e+04   1.8397111e+03   7.7780000e+00
   2.4227156e+04   1.3075158e+04   1.8478155e+03   7.7770000e+00
   2.4235211e+04   1.3076059e+04   1.8559200e+03   7.7800000e+00
   2.4243265e+04   1.3076960e+04   1.8640245e+03   7.7830000e+00
   2.4251319e+04   1.3077861e+04   1.8721289e+03   7.7800000e+00
   2.4259373e+04   1.3078762e+04   1.8802334e+03   7.7670000e+00
   2.4267428e+04   1.3079663e+04   1.8883379e+03   7.7410000e+00
   2.4275482e+04   1.3080562e+04   1.8964422e+03   7.7060000e+00
   2.4283536e+04   1.3081463e+04   1.9045467e+03   7.6680000e+00
   2.4291590e+04   1.3082364e+04   1.9126512e+03   7.6330000e+00
   2.4299645e+04   1.3083265e+04   1.9207556e+03   7.6040000e+00
   2.4307699e+04   1.3084166e+04   1.9288601e+03   7.5850000e+00
   2.4315753e+04   1.3085067e+04   1.9369646e+03   7.5720000e+00
   2.4323807e+04   1.3085968e+04   1.9450690e+03   7.5590000e+00
   2.4331862e+04   1.3086869e+04   1.9531735e+03   7.5350000e+00
   2.4339916e+04   1.3087770e+04   1.9612780e+03   7.5130000e+00
   2.4347970e+04   1.3088669e+04   1.9693823e+03   7.5020000e+00
   2.4356024e+04   1.3089570e+04   1.9774868e+03   7.5010000e+00
   2.4364078e+04   1.3090471e+04   1.9855913e+03   7.5160000e+00
   2.4372133e+04   1.3091372e+04   1.9936957e+03   7.5500000e+00
   2.4380187e+04   1.3092273e+04   2.0018002e+03   7.5980000e+00
   2.4388241e+04   1.3093174e+04   2.0099047e+03   7.6470000e+00
   2.4396295e+04   1.3094075e+04   2.0180091e+03   7.6910000e+00
   2.4404350e+04   1.3094976e+04   2.0261136e+03   7.7170000e+00
   2.4412404e+04   1.3095876e+04   2.0342181e+03   7.7300000e+00
   2.4420458e+04   1.3096776e+04   2.0423224e+03   7.7330000e+00
   2.4428512e+04   1.3097677e+04   2.0504269e+03   7.7470000e+00
   2.4436567e+04   1.3098578e+04   2.0585314e+03   7.7570000e+00
   2.4444621e+04   1.3099479e+04   2.0666358e+03   7.7580000e+00
   2.4452675e+04   1.3100380e+04   2.0747403e+03   7.7400000e+00
   2.4460729e+04   1.3101281e+04   2.0828448e+03   7.7370000e+00
   2.4468784e+04   1.3102182e+04   2.0909492e+03   7.7690000e+00
   2.4476838e+04   1.3103082e+04   2.0990537e+03   7.8520000e+00
   2.4484892e+04   1.3103983e+04   2.1071582e+03   7.9630000e+00
   2.4492946e+04   1.3104883e+04   2.1152625e+03   8.0710000e+00
   2.4501001e+04   1.3105784e+04   2.1233670e+03   8.1430000e+00
   2.4509055e+04   1.3106685e+04   2.1314714e+03   8.1830000e+00
   2.4517109e+04   1.3107586e+04   2.1395759e+03   8.2060000e+00
   2.4525163e+04   1.3108487e+04   2.1476804e+03   8.2300000e+00
   2.4533218e+04   1.3109388e+04   2.1557848e+03   8.2650000e+00
   2.4541272e+04   1.3110289e+04   2.1638893e+03   8.3210000e+00
   2.4549326e+04   1.3111189e+04   2.1719938e+03   8.3860000e+00
   2.4557380e+04   1.3112090e+04   2.1800982e+03   8.4260000e+00
   2.4565435e+04   1.3112990e+04   2.1882026e+03   8.3800000e+00
   2.4573489e+04   1.3113891e+04   2.1963071e+03   8.2020000e+00
   2.4581543e+04   1.3114792e+04   2.2044115e+03   8.0020000e+00
   2.4589597e+04   1.3115693e+04   2.2125160e+03   7.9260000e+00
   2.4597651e+04   1.3116594e+04   2.2206205e+03   7.9600000e+00
   2.4605706e+04   1.3117495e+04   2.2287249e+03   8.0650000e+00
   2.4613760e+04   1.3118395e+04   2.2368294e+03   8.2090000e+00
   2.4621814e+04   1.3119296e+04   2.2449339e+03   8.3690000e+00
   2.4629868e+04   1.3120196e+04   2.2530382e+03   8.5310000e+00
   2.4637923e+04   1.3121097e+04   2.2611427e+03   8.6760000e+00
   2.4645977e+04   1.3121998e+04   2.2692472e+03   8.7680000e+00
   2.4654031e+04   1.3122899e+04   2.2773516e+03   8.7850000e+00
   2.4662085e+04   1.3123800e+04   2.2854561e+03   8.7760000e+00
   2.4670140e+04   1.3124701e+04   2.2935606e+03   8.7940000e+00
   2.4678194e+04   1.3125602e+04   2.3016650e+03   8.7720000e+00
   2.4686248e+04   1.3126502e+04   2.3097695e+03   8.6700000e+00
   2.4694302e+04   1.3127403e+04   2.3178740e+03   8.4670000e+00
   2.4702357e+04   1.3128303e+04   2.3259783e+03   8.2690000e+00
   2.4710411e+04   1.3129204e+04   2.3340828e+03   8.3120000e+00
   2.4718465e+04   1.3130105e+04   2.3421872e+03   8.6450000e+00
   2.4726519e+04   1.3131006e+04   2.3502917e+03   8.9240000e+00
   2.4734574e+04   1.3131907e+04   2.3583962e+03   9.0750000e+00
   2.4742628e+04   1.3132808e+04   2.3665006e+03   9.2140000e+00
   2.4750682e+04   1.3133708e+04   2.3746051e+03   9.3010000e+00
   2.4758736e+04   1.3134609e+04   2.3827096e+03   9.3460000e+00
   2.4766791e+04   1.3135510e+04   2.3908140e+03   9.3800000e+00
   2.4774845e+04   1.3136410e+04   2.3989184e+03   9.3940000e+00
   2.4782899e+04   1.3137311e+04   2.4070229e+03   9.3940000e+00
   2.4790953e+04   1.3138212e+04   2.4151273e+03   9.3840000e+00
