   2.2551874e+04   1.0295827e+04   0.0000000e+00  -1.3200000e-01
   2.2559929e+04   1.0296727e+04   8.1044672e+00  -2.5500000e-01
   2.2567983e+04   1.0297628e+04   1.6208934e+01  -3.1000000e-01
   2.2576037e+04   1.0298529e+04   2.4313402e+01  -3.2200000e-01
   2.2584091e+04   1.0299430e+04   3.2417869e+01  -3.2200000e-01
   2.2592146e+04   1.0300330e+04   4.0522222e+01  -3.2600000e-01
   2.2600200e+04   1.0301231e+04   4.8626689e+01  -3.4500000e-01
   2.2608254e+04   1.0302132e+04   5.6731156e+01  -3.6100000e-01
   2.2616308e+04   1.0303033e+04   6.4835623e+01  -3.1400000e-01
   2.2624362e+04   1.0303933e+04   7.2940090e+01  -2.9300000e-01
   2.2632417e+04   1.0304834e+04   8.1044558e+01  -2.9700000e-01
   2.2640471e+04   1.0305735e+04   8.9149025e+01  -3.2300000e-01
   2.2648525e+04   1.0306636e+04   9.7253492e+01  -4.0400000e-01
   2.2656579e+04   1.0307537e+04   1.0535796e+02  -4.2200000e-01
   2.2664634e+04   1.0308437e+04   1.1346231e+02  -3.9300000e-01
   2.2672688e+04   1.0309338e+04   1.2156678e+02  -3.7600000e-01
   2.2680742e+04   1.0310239e+04   1.2967125e+02  -3.7200000e-01
   2.2688796e+04   1.0311140e+04   1.3777571e+02  -3.7600000e-01
   2.2696851e+04   1.0312040e+04   1.4588018e+02  -4.0400000e-01
   2.2704905e+04   1.0312941e+04   1.5398465e+02  -3.9700000e-01
   2.2712959e+04   1.0313842e+04   1.6208912e+02  -1.6800000e-01
   2.2721013e+04   1.0314743e+04   1.7019358e+02   1.7500000e-01
   2.2729068e+04   1.0315644e+04   1.7829805e+02   5.1000000e-01
   2.2737122e+04   1.0316544e+04   1.8640240e+02   6.6600000e-01
   2.2745176e+04   1.0317445e+04   1.9450687e+02   6.5600000e-01
   2.2753230e+04   1.0318346e+04   2.0261134e+02   4.2900000e-01
   2.2761285e+04   1.0319246e+04   2.1071580e+02  -3.3500000e-01
   2.2769339e+04   1.0320147e+04   2.1882027e+02  -3.1100000e-01
   2.2777393e+04   1.0321048e+04   2.2692474e+02  -2.2700000e-01
   2.2785447e+04   1.0321949e+04   2.3502921e+02  -4.6000000e-02
   2.2793502e+04   1.0322850e+04   2.4313367e+02   2.0300000e-01
   2.2801556e+04   1.0323750e+04   2.5123803e+02   4.7800000e-01
   2.2809610e+04   1.0324651e+04   2.5934249e+02   7.3300000e-01
   2.2817664e+04   1.0325552e+04   2.6744696e+02   9.1700000e-01
   2.2825718e+04   1.0326453e+04   2.7555143e+02   9.9500000e-01
   2.2833773e+04   1.0327353e+04   2.8365589e+02   9.4800000e-01
   2.2841827e+04   1.0328254e+04   2.9176036e+02   7.8000000e-01
   2.2849881e+04   1.0329155e+04   2.9986483e+02   5.0400000e-01
   2.2857935e+04   1.0330056e+04   3.0796930e+02   1.7800000e-01
   2.2865990e+04   1.0330957e+04   3.1607376e+02   7.1000000e-02
   2.2874044e+04   1.0331857e+04   3.2417812e+02   1.2500000e-01
   2.2882098e+04   1.0332758e+04   3.3228258e+02   1.6200000e-01
   2.2890152e+04   1.0333659e+04   3.4038705e+02   2.0500000e-01
   2.2898207e+04   1.0334559e+04   3.4849152e+02   1.4400000e-01
   2.2906261e+04   1.0335460e+04   3.5659598e+02  -6.9000000e-02
   2.2914315e+04   1.0336361e+04   3.6470045e+02  -2.2700000e-01
   2.2922369e+04   1.0337262e+04   3.7280492e+02  -2.9400000e-01
   2.2930424e+04   1.0338163e+04   3.8090939e+02  -3.0600000e-01
   2.2938478e+04   1.0339064e+04   3.8901385e+02  -3.0900000e-01
   2.2946532e+04   1.0339964e+04   3.9711821e+02  -3.2200000e-01
   2.2954586e+04   1.0340865e+04   4.0522267e+02  -3.3300000e-01
   2.2962641e+04   1.0341765e+04   4.1332714e+02  -3.3500000e-01
   2.2970695e+04   1.0342666e+04   4.2143161e+02  -3.3300000e-01
   2.2978749e+04   1.0343567e+04   4.2953608e+02  -3.5900000e-01
   2.2986803e+04   1.0344468e+04   4.3764054e+02  -4.2400000e-01
   2.2994858e+04   1.0345369e+04   4.4574501e+02  -4.7300000e-01
   2.3002912e+04   1.0346270e+04   4.5384948e+02  -5.2900000e-01
   2.3010966e+04   1.0347171e+04   4.6195394e+02  -5.9500000e-01
   2.3019020e+04   1.0348071e+04   4.7005830e+02  -7.2700000e-01
   2.3027075e+04   1.0348972e+04   4.7816276e+02  -8.3000000e-01
   2.3035129e+04   1.0349872e+04   4.8626723e+02  -8.2900000e-01
   2.3043183e+04   1.0350773e+04   4.9437170e+02  -7.8200000e-01
   2.3051237e+04   1.0351674e+04   5.0247617e+02  -6.7400000e-01
   2.3059291e+04   1.0352575e+04   5.1058063e+02  -5.7700000e-01
   2.3067346e+04   1.0353476e+04   5.1868510e+02  -5.5100000e-01
   2.3075400e+04   1.0354377e+04   5.2678957e+02  -5.4600000e-01
   2.3083454e+04   1.0355278e+04   5.3489403e+02  -5.8000000e-01
   2.3091508e+04   1.0356178e+04   5.4299839e+02  -6.6900000e-01
   2.3099563e+04   1.0357078e+04   5.5110285e+02  -7.3900000e-01
   2.3107617e+04   1.0357979e+04   5.5920732e+02  -7.3500000e-01
   2.3115671e+04   1.0358880e+04   5.6731179e+02  -8.0100000e-01
   2.3123725e+04   1.0359781e+04   5.7541626e+02  -8.6100000e-01
   2.3131780e+04   1.0360682e+04   5.8352072e+02  -8.6100000e-01
   2.3139834e+04   1.0361583e+04   5.9162519e+02  -7.7900000e-01
   2.3147888e+04   1.0362484e+04   5.9972966e+02  -7.8100000e-01
   2.3155942e+04   1.0363384e+04   6.0783401e+02  -1.3900000e+00
   2.3163997e+04   1.0364285e+04   6.1593848e+02  -1.3470000e+00
   2.3172051e+04   1.0365185e+04   6.2404295e+02  -1.1880000e+00
   2.3180105e+04   1.0366086e+04   6.3214741e+02  -1.4550000e+00
   2.3188159e+04   1.0366987e+04   6.4025188e+02  -1.2500000e+00
   2.3196214e+04   1.0367888e+04   6.4835635e+02  -9.7300000e-01
   2.3204268e+04   1.0368789e+04   6.5646081e+02  -1.1880000e+00
   2.3212322e+04   1.0369690e+04   6.6456528e+02  -1.1700000e+00
   2.3220376e+04   1.0370591e+04   6.7266975e+02  -1.1650000e+00
   2.3228431e+04   1.0371491e+04   6.8077410e+02  -1.2130000e+00
   2.3236485e+04   1.0372391e+04   6.8887857e+02  -1.2720000e+00
   2.3244539e+04   1.0373292e+04   6.9698304e+02  -1.7700000e+00
   2.3252593e+04   1.0374193e+04   7.0508750e+02  -1.9540000e+00
   2.3260648e+04   1.0375094e+04   7.1319197e+02  -1.7890000e+00
   2.3268702e+04   1.0375995e+04   7.2129644e+02  -2.1570000e+00
   2.3276756e+04   1.0376896e+04   7.2940090e+02  -2.3860000e+00
   2.3284810e+04   1.0377797e+04   7.3750537e+02  -1.8670000e+00
   2.3292864e+04   1.0378698e+04   7.4560984e+02  -1.8250000e+00
   2.3300919e+04   1.0379598e+04   7.5371419e+02  -2.5320000e+00
   2.3308973e+04   1.0380498e+04   7.6181866e+02  -3.1130000e+00
   2.3317027e+04   1.0381399e+04   7.6992313e+02  -3.1410000e+00
   2.3325081e+04   1.0382300e+04   7.7802759e+02  -2.8350000e+00
   2.3333136e+04   1.0383201e+04   7.8613206e+02  -2.3950000e+00
   2.3341190e+04   1.0384102e+04   7.9423653e+02  -2.1380000e+00
   2.3349244e+04   1.0385003e+04   8.0234099e+02  -1.9010000e+00
   2.3357298e+04   1.0385904e+04   8.1044546e+02  -1.8200000e+00
   2.3365353e+04   1.0386805e+04   8.1854993e+02  -1.5560000e+00
   2.3373407e+04   1.0387704e+04   8.2665428e+02  -7.5100000e-01
   2.3381461e+04   1.0388605e+04   8.3475875e+02  -3.7500000e-01
   2.3389515e+04   1.0389506e+04   8.4286322e+02  -3.1900000e-01
   2.3397570e+04   1.0390407e+04   8.5096768e+02  -3.2900000e-01
   2.3405624e+04   1.0391308e+04   8.5907215e+02  -3.7400000e-01
   2.3413678e+04   1.0392209e+04   8.6717662e+02  -3.9300000e-01
   2.3421732e+04   1.0393110e+04   8.7528109e+02  -1.9400000e-01
   2.3429787e+04   1.0394011e+04   8.8338555e+02   9.6500000e-01
   2.3437841e+04   1.0394912e+04   8.9149002e+02   1.8710000e+00
   2.3445895e+04   1.0395811e+04   8.9959437e+02   2.4740000e+00
   2.3453949e+04   1.0396712e+04   9.0769884e+02   2.9640000e+00
   2.3462004e+04   1.0397613e+04   9.1580331e+02   3.4710000e+00
   2.3470058e+04   1.0398514e+04   9.2390777e+02   3.9450000e+00
   2.3478112e+04   1.0399415e+04   9.3201224e+02   4.3080000e+00
   2.3486166e+04   1.0400316e+04   9.4011671e+02   4.5630000e+00
   2.3494220e+04   1.0401217e+04   9.4822118e+02   4.8090000e+00
   2.3502275e+04   1.0402118e+04   9.5632564e+02   5.0310000e+00
   2.3510329e+04   1.0403018e+04   9.6443011e+02   5.2110000e+00
   2.3518383e+04   1.0403918e+04   9.7253446e+02   5.3710000e+00
   2.3526437e+04   1.0404819e+04   9.8063893e+02   5.5330000e+00
   2.3534492e+04   1.0405720e+04   9.8874340e+02   5.7020000e+00
   2.3542546e+04   1.0406621e+04   9.9684786e+02   5.8710000e+00
   2.3550600e+04   1.0407522e+04   1.0049523e+03   6.0350000e+00
   2.3558654e+04   1.0408423e+04   1.0130568e+03   6.1820000e+00
   2.3566709e+04   1.0409324e+04   1.0211613e+03   6.3240000e+00
   2.3574763e+04   1.0410224e+04   1.0292657e+03   6.4610000e+00
   2.3582817e+04   1.0411124e+04   1.0373701e+03   6.5670000e+00
   2.3590871e+04   1.0412025e+04   1.0454746e+03   6.6990000e+00
   2.3598926e+04   1.0412926e+04   1.0535790e+03   6.8450000e+00
   2.3606980e+04   1.0413827e+04   1.0616835e+03   6.9670000e+00
   2.3615034e+04   1.0414728e+04   1.0697880e+03   7.0730000e+00
   2.3623088e+04   1.0415629e+04   1.0778924e+03   7.1690000e+00
   2.3631143e+04   1.0416530e+04   1.0859969e+03   7.2570000e+00
   2.3639197e+04   1.0417431e+04   1.0941014e+03   7.3350000e+00
   2.3647251e+04   1.0418331e+04   1.1022058e+03   7.4020000e+00
   2.3655305e+04   1.0419231e+04   1.1103102e+03   7.4560000e+00
   2.3663360e+04   1.0420132e+04   1.1184146e+03   7.5000000e+00
   2.3671414e+04   1.0421033e+04   1.1265191e+03   7.5360000e+00
   2.3679468e+04   1.0421934e+04   1.1346236e+03   7.5680000e+00
   2.3687522e+04   1.0422835e+04   1.1427280e+03   7.5930000e+00
   2.3695577e+04   1.0423736e+04   1.1508325e+03   7.6130000e+00
   2.3703631e+04   1.0424637e+04   1.1589370e+03   7.6290000e+00
   2.3711685e+04   1.0425537e+04   1.1670414e+03   7.6450000e+00
   2.3719739e+04   1.0426438e+04   1.1751459e+03   7.6640000e+00
   2.3727793e+04   1.0427338e+04   1.1832503e+03   7.6840000e+00
   2.3735848e+04   1.0428239e+04   1.1913547e+03   7.7080000e+00
   2.3743902e+04   1.0429140e+04   1.1994592e+03   7.7340000e+00
   2.3751956e+04   1.0430041e+04   1.2075637e+03   7.7580000e+00
   2.3760010e+04   1.0430942e+04   1.2156681e+03   7.7790000e+00
   2.3768065e+04   1.0431843e+04   1.2237726e+03   7.7970000e+00
   2.3776119e+04   1.0432744e+04   1.2318771e+03   7.8120000e+00
   2.3784173e+04   1.0433644e+04   1.2399815e+03   7.8240000e+00
   2.3792227e+04   1.0434545e+04   1.2480860e+03   7.8320000e+00
   2.3800282e+04   1.0435445e+04   1.2561904e+03   7.8370000e+00
   2.3808336e+04   1.0436346e+04   1.2642948e+03   7.8420000e+00
   2.3816390e+04   1.0437247e+04   1.2723993e+03   7.8500000e+00
   2.3824444e+04   1.0438148e+04   1.2805038e+03   7.8600000e+00
   2.3832499e+04   1.0439049e+04   1.2886082e+03   7.8770000e+00
   2.3840553e+04   1.0439950e+04   1.2967127e+03   7.9010000e+00
   2.3848607e+04   1.0440850e+04   1.3048172e+03   7.9320000e+00
   2.3856661e+04   1.0441751e+04   1.3129216e+03   7.9760000e+00
   2.3864716e+04   1.0442652e+04   1.3210261e+03   8.0390000e+00
   2.3872770e+04   1.0443552e+04   1.3291304e+03   8.1150000e+00
   2.3880824e+04   1.0444453e+04   1.3372349e+03   8.2020000e+00
   2.3888878e+04   1.0445354e+04   1.3453394e+03   8.2950000e+00
   2.3896933e+04   1.0446255e+04   1.3534438e+03   8.3830000e+00
   2.3904987e+04   1.0447156e+04   1.3615483e+03   8.4560000e+00
   2.3913041e+04   1.0448057e+04   1.3696528e+03   8.5100000e+00
   2.3921095e+04   1.0448957e+04   1.3777573e+03   8.5430000e+00
   2.3929149e+04   1.0449858e+04   1.3858617e+03   8.5630000e+00
   2.3937204e+04   1.0450759e+04   1.3939662e+03   8.5780000e+00
   2.3945258e+04   1.0451659e+04   1.4020705e+03   8.5910000e+00
   2.3953312e+04   1.0452560e+04   1.4101750e+03   8.6070000e+00
   2.3961366e+04   1.0453461e+04   1.4182795e+03   8.6250000e+00
   2.3969421e+04   1.0454362e+04   1.4263839e+03   8.6460000e+00
   2.3977475e+04   1.0455263e+04   1.4344884e+03   8.6690000e+00
   2.3985529e+04   1.0456163e+04   1.4425929e+03   8.6940000e+00
   2.3993583e+04   1.0457064e+04   1.4506973e+03   8.7190000e+00
   2.4001638e+04   1.0457965e+04   1.4588018e+03   8.7470000e+00
   2.4009692e+04   1.0458865e+04   1.4669062e+03   8.7800000e+00
   2.4017746e+04   1.0459766e+04   1.4750106e+03   8.8170000e+00
   2.4025800e+04   1.0460667e+04   1.4831151e+03   8.8440000e+00
   2.4033855e+04   1.0461568e+04   1.4912196e+03   8.8520000e+00
   2.4041909e+04   1.0462469e+04   1.4993240e+03   8.8460000e+00
   2.4049963e+04   1.0463369e+04   1.5074285e+03   8.8370000e+00
   2.4058017e+04   1.0464270e+04   1.5155330e+03   8.8300000e+00
   2.4066072e+04   1.0465171e+04   1.5236374e+03   8.8260000e+00
   2.4074126e+04   1.0466072e+04   1.5317419e+03   8.8300000e+00
   2.4082180e+04   1.0466972e+04   1.5398463e+03   8.8390000e+00
   2.4090234e+04   1.0467873e+04   1.5479507e+03   8.8500000e+00
   2.4098289e+04   1.0468774e+04   1.5560552e+03   8.8650000e+00
   2.4106343e+04   1.0469675e+04   1.5641597e+03   8.8830000e+00
   2.4114397e+04   1.0470576e+04   1.5722641e+03   8.9030000e+00
   2.4122451e+04   1.0471476e+04   1.5803686e+03   8.9250000e+00
   2.4130506e+04   1.0472377e+04   1.5884731e+03   8.9470000e+00
   2.4138560e+04   1.0473278e+04   1.5965775e+03   8.9670000e+00
   2.4146614e+04   1.0474179e+04   1.6046820e+03   8.9860000e+00
   2.4154668e+04   1.0475079e+04   1.6127863e+03   9.0080000e+00
   2.4162722e+04   1.0475980e+04   1.6208908e+03   9.0230000e+00
   2.4170777e+04   1.0476881e+04   1.6289953e+03   9.0430000e+00
   2.4178831e+04   1.0477782e+04   1.6370997e+03   9.0640000e+00
   2.4186885e+04   1.0478682e+04   1.6452042e+03   9.0830000e+00
   2.4194939e+04   1.0479583e+04   1.6533087e+03   9.0990000e+00
   2.4202994e+04   1.0480484e+04   1.6614131e+03   9.1110000e+00
   2.4211048e+04   1.0481385e+04   1.6695176e+03   9.1280000e+00
   2.4219102e+04   1.0482286e+04   1.6776221e+03   9.1730000e+00
   2.4227156e+04   1.0483186e+04   1.6857264e+03   9.2220000e+00
   2.4235211e+04   1.0484087e+04   1.6938309e+03   9.2570000e+00
   2.4243265e+04   1.0484988e+04   1.7019354e+03   9.2760000e+00
   2.4251319e+04   1.0485889e+04   1.7100398e+03   9.2930000e+00
   2.4259373e+04   1.0486789e+04   1.7181443e+03   9.3250000e+00
   2.4267428e+04   1.0487690e+04   1.7262488e+03   9.3770000e+00
   2.4275482e+04   1.0488591e+04   1.7343532e+03   9.4330000e+00
   2.4283536e+04   1.0489492e+04   1.7424577e+03   9.4760000e+00
   2.4291590e+04   1.0490393e+04   1.7505622e+03   9.5050000e+00
   2.4299645e+04   1.0491293e+04   1.7586665e+03   9.5270000e+00
   2.4307699e+04   1.0492194e+04   1.7667710e+03   9.5470000e+00
   2.4315753e+04   1.0493095e+04   1.7748755e+03   9.5670000e+00
   2.4323807e+04   1.0493995e+04   1.7829799e+03   9.5860000e+00
   2.4331862e+04   1.0494896e+04   1.7910844e+03   9.6040000e+00
   2.4339916e+04   1.0495797e+04   1.7991889e+03   9.6200000e+00
   2.4347970e+04   1.0496698e+04   1.8072933e+03   9.6350000e+00
   2.4356024e+04   1.0497599e+04   1.8153978e+03   9.6500000e+00
   2.4364078e+04   1.0498499e+04   1.8235021e+03   9.6650000e+00
   2.4372133e+04   1.0499400e+04   1.8316066e+03   9.6850000e+00
   2.4380187e+04   1.0500301e+04   1.8397111e+03   9.7140000e+00
   2.4388241e+04   1.0501202e+04   1.8478155e+03   9.7460000e+00
   2.4396295e+04   1.0502102e+04   1.8559200e+03   9.7820000e+00
   2.4404350e+04   1.0503003e+04   1.8640245e+03   9.8160000e+00
   2.4412404e+04   1.0503904e+04   1.8721289e+03   9.8530000e+00
   2.4420458e+04   1.0504805e+04   1.8802334e+03   9.8890000e+00
   2.4428512e+04   1.0505706e+04   1.8883379e+03   9.9260000e+00
   2.4436567e+04   1.0506606e+04   1.8964422e+03   9.9620000e+00
   2.4444621e+04   1.0507507e+04   1.9045467e+03   9.9940000e+00
   2.4452675e+04   1.0508408e+04   1.9126512e+03   1.0021000e+01
   2.4460729e+04   1.0509308e+04   1.9207556e+03   1.0044000e+01
   2.4468784e+04   1.0510209e+04   1.9288601e+03   1.0066000e+01
   2.4476838e+04   1.0511110e+04   1.9369646e+03   1.0090000e+01
   2.4484892e+04   1.0512011e+04   1.9450690e+03   1.0113000e+01
   2.4492946e+04   1.0512912e+04   1.9531735e+03   1.0136000e+01
   2.4501001e+04   1.0513813e+04   1.9612780e+03   1.0159000e+01
   2.4509055e+04   1.0514713e+04   1.9693823e+03   1.0185000e+01
   2.4517109e+04   1.0515614e+04   1.9774868e+03   1.0213000e+01
   2.4525163e+04   1.0516514e+04   1.9855913e+03   1.0245000e+01
   2.4533218e+04   1.0517415e+04   1.9936957e+03   1.0281000e+01
   2.4541272e+04   1.0518316e+04   2.0018002e+03   1.0319000e+01
   2.4549326e+04   1.0519217e+04   2.0099047e+03   1.0359000e+01
   2.4557380e+04   1.0520118e+04   2.0180091e+03   1.0396000e+01
   2.4565435e+04   1.0521019e+04   2.0261136e+03   1.0424000e+01
   2.4573489e+04   1.0521920e+04   2.0342181e+03   1.0438000e+01
   2.4581543e+04   1.0522820e+04   2.0423224e+03   1.0440000e+01
   2.4589597e+04   1.0523721e+04   2.0504269e+03   1.0434000e+01
   2.4597651e+04   1.0524621e+04   2.0585314e+03   1.0428000e+01
   2.4605706e+04   1.0525522e+04   2.0666358e+03   1.0427000e+01
   2.4613760e+04   1.0526423e+04   2.0747403e+03   1.0437000e+01
   2.4621814e+04   1.0527324e+04   2.0828448e+03   1.0458000e+01
   2.4629868e+04   1.0528225e+04   2.0909492e+03   1.0487000e+01
   2.4637923e+04   1.0529126e+04   2.0990537e+03   1.0519000e+01
   2.4645977e+04   1.0530027e+04   2.1071582e+03   1.0552000e+01
   2.4654031e+04   1.0530927e+04   2.1152625e+03   1.0588000e+01
   2.4662085e+04   1.0531827e+04   2.1233670e+03   1.0631000e+01
   2.4670140e+04   1.0532728e+04   2.1314714e+03   1.0703000e+01
   2.4678194e+04   1.0533629e+04   2.1395759e+03   1.0776000e+01
   2.4686248e+04   1.0534530e+04   2.1476804e+03   1.0830000e+01
   2.4694302e+04   1.0535431e+04   2.1557848e+03   1.0848000e+01
   2.4702357e+04   1.0536332e+04   2.1638893e+03   1.0851000e+01
   2.4710411e+04   1.0537233e+04   2.1719938e+03   1.0852000e+01
   2.4718465e+04   1.0538134e+04   2.1800982e+03   1.0858000e+01
   2.4726519e+04   1.0539034e+04   2.1882026e+03   1.0872000e+01
   2.4734574e+04   1.0539934e+04   2.1963071e+03   1.0893000e+01
   2.4742628e+04   1.0540835e+04   2.2044115e+03   1.0915000e+01
   2.4750682e+04   1.0541736e+04   2.2125160e+03   1.0942000e+01
   2.4758736e+04   1.0542637e+04   2.2206205e+03   1.0973000e+01
   2.4766791e+04   1.0543538e+04   2.2287249e+03   1.1008000e+01
   2.4774845e+04   1.0544439e+04   2.2368294e+03   1.1045000e+01
   2.4782899e+04   1.0545340e+04   2.2449339e+03   1.1083000e+01
   2.4790953e+04   1.0546240e+04   2.2530382e+03   1.1121000e+01
   2.4799008e+04   1.0547140e+04   2.2611427e+03   1.1155000e+01
   2.4807062e+04   1.0548041e+04   2.2692472e+03   1.1183000e+01
   2.4815116e+04   1.0548942e+04   2.2773516e+03   1.1204000e+01
   2.4823170e+04   1.0549843e+04   2.2854561e+03   1.1218000e+01
   2.4831224e+04   1.0550744e+04   2.2935606e+03   1.1228000e+01
   2.4839279e+04   1.0551645e+04   2.3016650e+03   1.1236000e+01
   2.4847333e+04   1.0552546e+04   2.3097695e+03   1.1243000e+01
   2.4855387e+04   1.0553447e+04   2.3178740e+03   1.1251000e+01
   2.4863441e+04   1.0554347e+04   2.3259783e+03   1.1258000e+01
   2.4871496e+04   1.0555247e+04   2.3340828e+03   1.1266000e+01
   2.4879550e+04   1.0556148e+04   2.3421872e+03   1.1272000e+01
   2.4887604e+04   1.0557049e+04   2.3502917e+03   1.1279000e+01
   2.4895658e+04   1.0557950e+04   2.3583962e+03   1.1285000e+01
   2.4903713e+04   1.0558851e+04   2.3665006e+03   1.1291000e+01
   2.4911767e+04   1.0559752e+04   2.3746051e+03   1.1300000e+01
   2.4919821e+04   1.0560653e+04   2.3827096e+03   1.1311000e+01
   2.4927875e+04   1.0561554e+04   2.3908140e+03   1.1325000e+01
   2.4935930e+04   1.0562453e+04   2.3989184e+03   1.1340000e+01
   2.4943984e+04   1.0563354e+04   2.4070229e+03   1.1358000e+01
   2.4952038e+04   1.0564255e+04   2.4151273e+03   1.1380000e+01
