   2.2423006e+04   1.2354992e+04   0.0000000e+00   3.7500000e-01
   2.2431061e+04   1.2355893e+04   8.1044672e+00   4.9200000e-01
   2.2439115e+04   1.2356794e+04   1.6208934e+01   5.9900000e-01
   2.2447169e+04   1.2357695e+04   2.4313402e+01   6.8100000e-01
   2.2455223e+04   1.2358595e+04   3.2417869e+01   7.2800000e-01
   2.2463278e+04   1.2359495e+04   4.0522222e+01   7.3000000e-01
   2.2471332e+04   1.2360396e+04   4.8626689e+01   7.0100000e-01
   2.2479386e+04   1.2361297e+04   5.6731156e+01   6.7900000e-01
   2.2487440e+04   1.2362198e+04   6.4835623e+01   6.6200000e-01
   2.2495495e+04   1.2363099e+04   7.2940090e+01   4.2800000e-01
   2.2503549e+04   1.2364000e+04   8.1044558e+01   2.3700000e-01
   2.2511603e+04   1.2364901e+04   8.9149025e+01   1.1800000e-01
   2.2519657e+04   1.2365801e+04   9.7253492e+01   5.9000000e-02
   2.2527712e+04   1.2366702e+04   1.0535796e+02   4.1000000e-02
   2.2535766e+04   1.2367602e+04   1.1346231e+02   4.2000000e-02
   2.2543820e+04   1.2368503e+04   1.2156678e+02   4.2000000e-02
   2.2551874e+04   1.2369404e+04   1.2967125e+02   2.5000000e-02
   2.2559929e+04   1.2370305e+04   1.3777571e+02  -2.2000000e-02
   2.2567983e+04   1.2371206e+04   1.4588018e+02  -9.8000000e-02
   2.2576037e+04   1.2372107e+04   1.5398465e+02  -1.9100000e-01
   2.2584091e+04   1.2373007e+04   1.6208912e+02  -2.8100000e-01
   2.2592146e+04   1.2373908e+04   1.7019358e+02  -3.4600000e-01
   2.2600200e+04   1.2374809e+04   1.7829805e+02  -3.7000000e-01
   2.2608254e+04   1.2375709e+04   1.8640240e+02  -3.5800000e-01
   2.2616308e+04   1.2376610e+04   1.9450687e+02  -3.3200000e-01
   2.2624362e+04   1.2377511e+04   2.0261134e+02  -3.2000000e-01
   2.2632417e+04   1.2378412e+04   2.1071580e+02  -3.1900000e-01
   2.2640471e+04   1.2379313e+04   2.1882027e+02  -3.2100000e-01
   2.2648525e+04   1.2380214e+04   2.2692474e+02  -3.2500000e-01
   2.2656579e+04   1.2381114e+04   2.3502921e+02  -3.3100000e-01
   2.2664634e+04   1.2382015e+04   2.4313367e+02  -3.3800000e-01
   2.2672688e+04   1.2382915e+04   2.5123803e+02  -3.4400000e-01
   2.2680742e+04   1.2383816e+04   2.5934249e+02  -3.5000000e-01
   2.2688796e+04   1.2384717e+04   2.6744696e+02  -3.5400000e-01
   2.2696851e+04   1.2385618e+04   2.7555143e+02  -3.5300000e-01
   2.2704905e+04   1.2386519e+04   2.8365589e+02  -3.4800000e-01
   2.2712959e+04   1.2387420e+04   2.9176036e+02  -3.3600000e-01
   2.2721013e+04   1.2388320e+04   2.9986483e+02  -3.2200000e-01
   2.2729068e+04   1.2389221e+04   3.0796930e+02  -3.0800000e-01
   2.2737122e+04   1.2390122e+04   3.1607376e+02  -2.9700000e-01
   2.2745176e+04   1.2391022e+04   3.2417812e+02  -2.9600000e-01
   2.2753230e+04   1.2391923e+04   3.3228258e+02  -3.0100000e-01
   2.2761285e+04   1.2392824e+04   3.4038705e+02  -3.5100000e-01
   2.2769339e+04   1.2393725e+04   3.4849152e+02  -4.3000000e-01
   2.2777393e+04   1.2394626e+04   3.5659598e+02  -4.4300000e-01
   2.2785447e+04   1.2395527e+04   3.6470045e+02  -3.8400000e-01
   2.2793502e+04   1.2396427e+04   3.7280492e+02  -3.1800000e-01
   2.2801556e+04   1.2397328e+04   3.8090939e+02  -3.1400000e-01
   2.2809610e+04   1.2398229e+04   3.8901385e+02  -3.2700000e-01
   2.2817664e+04   1.2399129e+04   3.9711821e+02  -3.4600000e-01
   2.2825718e+04   1.2400030e+04   4.0522267e+02  -3.7100000e-01
   2.2833773e+04   1.2400931e+04   4.1332714e+02  -4.1500000e-01
   2.2841827e+04   1.2401832e+04   4.2143161e+02  -4.4600000e-01
   2.2849881e+04   1.2402733e+04   4.2953608e+02  -4.7600000e-01
   2.2857935e+04   1.2403633e+04   4.3764054e+02  -4.7600000e-01
   2.2865990e+04   1.2404534e+04   4.4574501e+02  -3.9900000e-01
   2.2874044e+04   1.2405435e+04   4.5384948e+02  -4.0200000e-01
   2.2882098e+04   1.2406336e+04   4.6195394e+02  -3.4500000e-01
   2.2890152e+04   1.2407236e+04   4.7005830e+02  -3.2800000e-01
   2.2898207e+04   1.2408137e+04   4.7816276e+02  -3.7100000e-01
   2.2906261e+04   1.2409038e+04   4.8626723e+02  -4.4700000e-01
   2.2914315e+04   1.2409939e+04   4.9437170e+02  -4.3500000e-01
   2.2922369e+04   1.2410840e+04   5.0247617e+02  -5.1600000e-01
   2.2930424e+04   1.2411740e+04   5.1058063e+02  -4.5600000e-01
   2.2938478e+04   1.2412641e+04   5.1868510e+02  -4.7400000e-01
   2.2946532e+04   1.2413542e+04   5.2678957e+02  -4.9600000e-01
   2.2954586e+04   1.2414443e+04   5.3489403e+02  -5.2200000e-01
   2.2962641e+04   1.2415343e+04   5.4299839e+02  -4.7000000e-01
   2.2970695e+04   1.2416244e+04   5.5110285e+02  -4.2900000e-01
   2.2978749e+04   1.2417145e+04   5.5920732e+02  -5.0800000e-01
   2.2986803e+04   1.2418046e+04   5.6731179e+02  -5.5600000e-01
   2.2994858e+04   1.2418946e+04   5.7541626e+02  -5.5500000e-01
   2.3002912e+04   1.2419847e+04   5.8352072e+02  -6.4200000e-01
   2.3010966e+04   1.2420748e+04   5.9162519e+02  -8.4500000e-01
   2.3019020e+04   1.2421649e+04   5.9972966e+02  -8.8200000e-01
   2.3027075e+04   1.2422549e+04   6.0783401e+02  -6.9200000e-01
   2.3035129e+04   1.2423450e+04   6.1593848e+02  -1.0820000e+00
   2.3043183e+04   1.2424351e+04   6.2404295e+02  -1.2590000e+00
   2.3051237e+04   1.2425252e+04   6.3214741e+02  -9.2700000e-01
   2.3059291e+04   1.2426152e+04   6.4025188e+02  -1.2050000e+00
   2.3067346e+04   1.2427053e+04   6.4835635e+02  -1.3600000e+00
   2.3075400e+04   1.2427954e+04   6.5646081e+02  -1.1130000e+00
   2.3083454e+04   1.2428855e+04   6.6456528e+02  -1.1170000e+00
   2.3091508e+04   1.2429756e+04   6.7266975e+02  -1.3070000e+00
   2.3099563e+04   1.2430656e+04   6.8077410e+02  -1.7530000e+00
   2.3107617e+04   1.2431557e+04   6.8887857e+02  -1.6140000e+00
   2.3115671e+04   1.2432458e+04   6.9698304e+02  -1.4020000e+00
   2.3123725e+04   1.2433359e+04   7.0508750e+02  -1.3460000e+00
   2.3131780e+04   1.2434259e+04   7.1319197e+02  -1.2860000e+00
   2.3139834e+04   1.2435160e+04   7.2129644e+02  -1.2620000e+00
   2.3147888e+04   1.2436061e+04   7.2940090e+02  -1.2900000e+00
   2.3155942e+04   1.2436962e+04   7.3750537e+02  -1.3500000e+00
   2.3163997e+04   1.2437863e+04   7.4560984e+02  -1.3840000e+00
   2.3172051e+04   1.2438763e+04   7.5371419e+02  -1.3900000e+00
   2.3180105e+04   1.2439664e+04   7.6181866e+02  -1.5940000e+00
   2.3188159e+04   1.2440565e+04   7.6992313e+02  -1.6690000e+00
   2.3196214e+04   1.2441465e+04   7.7802759e+02  -1.7780000e+00
   2.3204268e+04   1.2442366e+04   7.8613206e+02  -2.1090000e+00
   2.3212322e+04   1.2443267e+04   7.9423653e+02  -2.6960000e+00
   2.3220376e+04   1.2444168e+04   8.0234099e+02  -3.0830000e+00
   2.3228431e+04   1.2445069e+04   8.1044546e+02  -3.8370000e+00
   2.3236485e+04   1.2445970e+04   8.1854993e+02  -4.2020000e+00
   2.3244539e+04   1.2446870e+04   8.2665428e+02  -4.2600000e+00
   2.3252593e+04   1.2447771e+04   8.3475875e+02  -4.1580000e+00
   2.3260648e+04   1.2448672e+04   8.4286322e+02  -3.3080000e+00
   2.3268702e+04   1.2449572e+04   8.5096768e+02  -2.5230000e+00
   2.3276756e+04   1.2450473e+04   8.5907215e+02  -2.2050000e+00
   2.3284810e+04   1.2451374e+04   8.6717662e+02  -2.1080000e+00
   2.3292864e+04   1.2452275e+04   8.7528109e+02  -2.0080000e+00
   2.3300919e+04   1.2453176e+04   8.8338555e+02  -1.8000000e+00
   2.3308973e+04   1.2454077e+04   8.9149002e+02  -1.1020000e+00
   2.3317027e+04   1.2454977e+04   8.9959437e+02  -4.7300000e-01
   2.3325081e+04   1.2455878e+04   9.0769884e+02  -3.0900000e-01
   2.3333136e+04   1.2456778e+04   9.1580331e+02  -3.0600000e-01
   2.3341190e+04   1.2457679e+04   9.2390777e+02  -4.1500000e-01
   2.3349244e+04   1.2458580e+04   9.3201224e+02  -4.6800000e-01
   2.3357298e+04   1.2459481e+04   9.4011671e+02  -2.3300000e-01
   2.3365353e+04   1.2460382e+04   9.4822118e+02   7.4500000e-01
   2.3373407e+04   1.2461283e+04   9.5632564e+02   1.6970000e+00
   2.3381461e+04   1.2462184e+04   9.6443011e+02   2.4360000e+00
   2.3389515e+04   1.2463084e+04   9.7253446e+02   2.9270000e+00
   2.3397570e+04   1.2463984e+04   9.8063893e+02   3.3000000e+00
   2.3405624e+04   1.2464885e+04   9.8874340e+02   3.6250000e+00
   2.3413678e+04   1.2465786e+04   9.9684786e+02   3.9110000e+00
   2.3421732e+04   1.2466687e+04   1.0049523e+03   4.1640000e+00
   2.3429787e+04   1.2467588e+04   1.0130568e+03   4.3880000e+00
   2.3437841e+04   1.2468489e+04   1.0211613e+03   4.5950000e+00
   2.3445895e+04   1.2469390e+04   1.0292657e+03   4.7910000e+00
   2.3453949e+04   1.2470290e+04   1.0373701e+03   4.9760000e+00
   2.3462004e+04   1.2471191e+04   1.0454746e+03   5.1530000e+00
   2.3470058e+04   1.2472091e+04   1.0535790e+03   5.3210000e+00
   2.3478112e+04   1.2472992e+04   1.0616835e+03   5.4840000e+00
   2.3486166e+04   1.2473893e+04   1.0697880e+03   5.6420000e+00
   2.3494220e+04   1.2474794e+04   1.0778924e+03   5.7930000e+00
   2.3502275e+04   1.2475695e+04   1.0859969e+03   5.9380000e+00
   2.3510329e+04   1.2476596e+04   1.0941014e+03   6.0760000e+00
   2.3518383e+04   1.2477497e+04   1.1022058e+03   6.2070000e+00
   2.3526437e+04   1.2478397e+04   1.1103102e+03   6.3310000e+00
   2.3534492e+04   1.2479297e+04   1.1184146e+03   6.4510000e+00
   2.3542546e+04   1.2480198e+04   1.1265191e+03   6.5650000e+00
   2.3550600e+04   1.2481099e+04   1.1346236e+03   6.6720000e+00
   2.3558654e+04   1.2482000e+04   1.1427280e+03   6.7690000e+00
   2.3566709e+04   1.2482901e+04   1.1508325e+03   6.8620000e+00
   2.3574763e+04   1.2483802e+04   1.1589370e+03   6.9530000e+00
   2.3582817e+04   1.2484703e+04   1.1670414e+03   7.0420000e+00
   2.3590871e+04   1.2485604e+04   1.1751459e+03   7.1250000e+00
   2.3598926e+04   1.2486504e+04   1.1832503e+03   7.2040000e+00
   2.3606980e+04   1.2487404e+04   1.1913547e+03   7.2760000e+00
   2.3615034e+04   1.2488305e+04   1.1994592e+03   7.3410000e+00
   2.3623088e+04   1.2489206e+04   1.2075637e+03   7.4030000e+00
   2.3631143e+04   1.2490107e+04   1.2156681e+03   7.4650000e+00
   2.3639197e+04   1.2491008e+04   1.2237726e+03   7.5270000e+00
   2.3647251e+04   1.2491909e+04   1.2318771e+03   7.5850000e+00
   2.3655305e+04   1.2492810e+04   1.2399815e+03   7.6420000e+00
   2.3663360e+04   1.2493711e+04   1.2480860e+03   7.6940000e+00
   2.3671414e+04   1.2494610e+04   1.2561904e+03   7.7390000e+00
   2.3679468e+04   1.2495511e+04   1.2642948e+03   7.7730000e+00
   2.3687522e+04   1.2496412e+04   1.2723993e+03   7.7970000e+00
   2.3695577e+04   1.2497313e+04   1.2805038e+03   7.8200000e+00
   2.3703631e+04   1.2498214e+04   1.2886082e+03   7.8440000e+00
   2.3711685e+04   1.2499115e+04   1.2967127e+03   7.8710000e+00
   2.3719739e+04   1.2500016e+04   1.3048172e+03   7.9000000e+00
   2.3727793e+04   1.2500917e+04   1.3129216e+03   7.9280000e+00
   2.3735848e+04   1.2501818e+04   1.3210261e+03   7.9580000e+00
   2.3743902e+04   1.2502717e+04   1.3291304e+03   7.9900000e+00
   2.3751956e+04   1.2503618e+04   1.3372349e+03   8.0200000e+00
   2.3760010e+04   1.2504519e+04   1.3453394e+03   8.0520000e+00
   2.3768065e+04   1.2505420e+04   1.3534438e+03   8.0850000e+00
   2.3776119e+04   1.2506321e+04   1.3615483e+03   8.1200000e+00
   2.3784173e+04   1.2507222e+04   1.3696528e+03   8.1570000e+00
   2.3792227e+04   1.2508123e+04   1.3777573e+03   8.1950000e+00
   2.3800282e+04   1.2509024e+04   1.3858617e+03   8.2300000e+00
   2.3808336e+04   1.2509924e+04   1.3939662e+03   8.2670000e+00
   2.3816390e+04   1.2510824e+04   1.4020705e+03   8.3060000e+00
   2.3824444e+04   1.2511725e+04   1.4101750e+03   8.3470000e+00
   2.3832499e+04   1.2512626e+04   1.4182795e+03   8.3910000e+00
   2.3840553e+04   1.2513527e+04   1.4263839e+03   8.4370000e+00
   2.3848607e+04   1.2514428e+04   1.4344884e+03   8.4820000e+00
   2.3856661e+04   1.2515329e+04   1.4425929e+03   8.5290000e+00
   2.3864716e+04   1.2516230e+04   1.4506973e+03   8.5790000e+00
   2.3872770e+04   1.2517131e+04   1.4588018e+03   8.6330000e+00
   2.3880824e+04   1.2518030e+04   1.4669062e+03   8.6920000e+00
   2.3888878e+04   1.2518931e+04   1.4750106e+03   8.7510000e+00
   2.3896933e+04   1.2519832e+04   1.4831151e+03   8.8090000e+00
   2.3904987e+04   1.2520733e+04   1.4912196e+03   8.8680000e+00
   2.3913041e+04   1.2521634e+04   1.4993240e+03   8.9280000e+00
   2.3921095e+04   1.2522535e+04   1.5074285e+03   8.9890000e+00
   2.3929149e+04   1.2523436e+04   1.5155330e+03   9.0430000e+00
   2.3937204e+04   1.2524337e+04   1.5236374e+03   9.0860000e+00
   2.3945258e+04   1.2525237e+04   1.5317419e+03   9.1170000e+00
   2.3953312e+04   1.2526137e+04   1.5398463e+03   9.1370000e+00
   2.3961366e+04   1.2527038e+04   1.5479507e+03   9.1480000e+00
   2.3969421e+04   1.2527939e+04   1.5560552e+03   9.1570000e+00
   2.3977475e+04   1.2528840e+04   1.5641597e+03   9.1620000e+00
   2.3985529e+04   1.2529741e+04   1.5722641e+03   9.1650000e+00
   2.3993583e+04   1.2530642e+04   1.5803686e+03   9.1650000e+00
   2.4001638e+04   1.2531543e+04   1.5884731e+03   9.1650000e+00
   2.4009692e+04   1.2532444e+04   1.5965775e+03   9.1670000e+00
   2.4017746e+04   1.2533344e+04   1.6046820e+03   9.1720000e+00
   2.4025800e+04   1.2534244e+04   1.6127863e+03   9.1800000e+00
   2.4033855e+04   1.2535145e+04   1.6208908e+03   9.1940000e+00
   2.4041909e+04   1.2536046e+04   1.6289953e+03   9.2160000e+00
   2.4049963e+04   1.2536947e+04   1.6370997e+03   9.2460000e+00
   2.4058017e+04   1.2537848e+04   1.6452042e+03   9.2810000e+00
   2.4066072e+04   1.2538749e+04   1.6533087e+03   9.3220000e+00
   2.4074126e+04   1.2539650e+04   1.6614131e+03   9.3680000e+00
   2.4082180e+04   1.2540550e+04   1.6695176e+03   9.4210000e+00
   2.4090234e+04   1.2541451e+04   1.6776221e+03   9.4800000e+00
   2.4098289e+04   1.2542351e+04   1.6857264e+03   9.5340000e+00
   2.4106343e+04   1.2543252e+04   1.6938309e+03   9.5740000e+00
   2.4114397e+04   1.2544153e+04   1.7019354e+03   9.6060000e+00
   2.4122451e+04   1.2545054e+04   1.7100398e+03   9.6230000e+00
   2.4130506e+04   1.2545955e+04   1.7181443e+03   9.6320000e+00
   2.4138560e+04   1.2546856e+04   1.7262488e+03   9.6430000e+00
   2.4146614e+04   1.2547756e+04   1.7343532e+03   9.6550000e+00
   2.4154668e+04   1.2548657e+04   1.7424577e+03   9.6660000e+00
   2.4162722e+04   1.2549558e+04   1.7505622e+03   9.6750000e+00
   2.4170777e+04   1.2550458e+04   1.7586665e+03   9.6850000e+00
   2.4178831e+04   1.2551359e+04   1.7667710e+03   9.6900000e+00
   2.4186885e+04   1.2552260e+04   1.7748755e+03   9.6780000e+00
   2.4194939e+04   1.2553161e+04   1.7829799e+03   9.6450000e+00
   2.4202994e+04   1.2554062e+04   1.7910844e+03   9.6060000e+00
   2.4211048e+04   1.2554963e+04   1.7991889e+03   9.5710000e+00
   2.4219102e+04   1.2555863e+04   1.8072933e+03   9.5450000e+00
   2.4227156e+04   1.2556764e+04   1.8153978e+03   9.5400000e+00
   2.4235211e+04   1.2557664e+04   1.8235021e+03   9.5750000e+00
   2.4243265e+04   1.2558565e+04   1.8316066e+03   9.6300000e+00
   2.4251319e+04   1.2559466e+04   1.8397111e+03   9.6830000e+00
   2.4259373e+04   1.2560367e+04   1.8478155e+03   9.7310000e+00
   2.4267428e+04   1.2561268e+04   1.8559200e+03   9.7720000e+00
   2.4275482e+04   1.2562169e+04   1.8640245e+03   9.8080000e+00
   2.4283536e+04   1.2563069e+04   1.8721289e+03   9.8420000e+00
   2.4291590e+04   1.2563970e+04   1.8802334e+03   9.8690000e+00
   2.4299645e+04   1.2564871e+04   1.8883379e+03   9.8860000e+00
   2.4307699e+04   1.2565771e+04   1.8964422e+03   9.8950000e+00
   2.4315753e+04   1.2566672e+04   1.9045467e+03   9.8850000e+00
   2.4323807e+04   1.2567573e+04   1.9126512e+03   9.8630000e+00
   2.4331862e+04   1.2568474e+04   1.9207556e+03   9.8480000e+00
   2.4339916e+04   1.2569375e+04   1.9288601e+03   9.8300000e+00
   2.4347970e+04   1.2570276e+04   1.9369646e+03   9.8310000e+00
   2.4356024e+04   1.2571176e+04   1.9450690e+03   9.8790000e+00
   2.4364078e+04   1.2572077e+04   1.9531735e+03   9.9310000e+00
   2.4372133e+04   1.2572978e+04   1.9612780e+03   9.9750000e+00
   2.4380187e+04   1.2573878e+04   1.9693823e+03   1.0019000e+01
   2.4388241e+04   1.2574779e+04   1.9774868e+03   1.0056000e+01
   2.4396295e+04   1.2575680e+04   1.9855913e+03   1.0089000e+01
   2.4404350e+04   1.2576581e+04   1.9936957e+03   1.0120000e+01
   2.4412404e+04   1.2577482e+04   2.0018002e+03   1.0147000e+01
   2.4420458e+04   1.2578382e+04   2.0099047e+03   1.0170000e+01
   2.4428512e+04   1.2579283e+04   2.0180091e+03   1.0188000e+01
   2.4436567e+04   1.2580184e+04   2.0261136e+03   1.0200000e+01
   2.4444621e+04   1.2581085e+04   2.0342181e+03   1.0206000e+01
   2.4452675e+04   1.2581985e+04   2.0423224e+03   1.0198000e+01
   2.4460729e+04   1.2582886e+04   2.0504269e+03   1.0189000e+01
   2.4468784e+04   1.2583787e+04   2.0585314e+03   1.0187000e+01
   2.4476838e+04   1.2584688e+04   2.0666358e+03   1.0193000e+01
   2.4484892e+04   1.2585589e+04   2.0747403e+03   1.0211000e+01
   2.4492946e+04   1.2586489e+04   2.0828448e+03   1.0236000e+01
   2.4501001e+04   1.2587390e+04   2.0909492e+03   1.0268000e+01
   2.4509055e+04   1.2588291e+04   2.0990537e+03   1.0302000e+01
   2.4517109e+04   1.2589192e+04   2.1071582e+03   1.0334000e+01
   2.4525163e+04   1.2590092e+04   2.1152625e+03   1.0362000e+01
   2.4533218e+04   1.2590993e+04   2.1233670e+03   1.0383000e+01
   2.4541272e+04   1.2591894e+04   2.1314714e+03   1.0396000e+01
   2.4549326e+04   1.2592795e+04   2.1395759e+03   1.0403000e+01
   2.4557380e+04   1.2593695e+04   2.1476804e+03   1.0407000e+01
   2.4565435e+04   1.2594596e+04   2.1557848e+03   1.0409000e+01
   2.4573489e+04   1.2595497e+04   2.1638893e+03   1.0414000e+01
   2.4581543e+04   1.2596398e+04   2.1719938e+03   1.0423000e+01
   2.4589597e+04   1.2597299e+04   2.1800982e+03   1.0431000e+01
   2.4597651e+04   1.2598199e+04   2.1882026e+03   1.0500000e+01
   2.4605706e+04   1.2599100e+04   2.1963071e+03   1.0577000e+01
   2.4613760e+04   1.2600001e+04   2.2044115e+03   1.0625000e+01
   2.4621814e+04   1.2600901e+04   2.2125160e+03   1.0651000e+01
   2.4629868e+04   1.2601802e+04   2.2206205e+03   1.0668000e+01
   2.4637923e+04   1.2602703e+04   2.2287249e+03   1.0681000e+01
   2.4645977e+04   1.2603604e+04   2.2368294e+03   1.0690000e+01
   2.4654031e+04   1.2604505e+04   2.2449339e+03   1.0698000e+01
   2.4662085e+04   1.2605405e+04   2.2530382e+03   1.0707000e+01
   2.4670140e+04   1.2606306e+04   2.2611427e+03   1.0715000e+01
   2.4678194e+04   1.2607207e+04   2.2692472e+03   1.0723000e+01
   2.4686248e+04   1.2608108e+04   2.2773516e+03   1.0731000e+01
   2.4694302e+04   1.2609008e+04   2.2854561e+03   1.0719000e+01
   2.4702357e+04   1.2609909e+04   2.2935606e+03   1.0701000e+01
   2.4710411e+04   1.2610810e+04   2.3016650e+03   1.0672000e+01
   2.4718465e+04   1.2611711e+04   2.3097695e+03   1.0599000e+01
   2.4726519e+04   1.2612612e+04   2.3178740e+03   1.0498000e+01
   2.4734574e+04   1.2613512e+04   2.3259783e+03   1.0379000e+01
   2.4742628e+04   1.2614413e+04   2.3340828e+03   1.0249000e+01
   2.4750682e+04   1.2615314e+04   2.3421872e+03   1.0137000e+01
   2.4758736e+04   1.2616214e+04   2.3502917e+03   1.0078000e+01
   2.4766791e+04   1.2617115e+04   2.3583962e+03   1.0112000e+01
   2.4774845e+04   1.2618016e+04   2.3665006e+03   1.0385000e+01
   2.4782899e+04   1.2618917e+04   2.3746051e+03   1.0626000e+01
   2.4790953e+04   1.2619818e+04   2.3827096e+03   1.0766000e+01
   2.4799008e+04   1.2620719e+04   2.3908140e+03   1.0815000e+01
   2.4807062e+04   1.2621619e+04   2.3989184e+03   1.0798000e+01
   2.4815116e+04   1.2622520e+04   2.4070229e+03   1.0749000e+01
   2.4823170e+04   1.2623421e+04   2.4151273e+03   1.0705000e+01
