   2.2165271e+04   1.6473322e+04   0.0000000e+00   9.2000000e-01
   2.2173325e+04   1.6474223e+04   8.1044672e+00   9.1100000e-01
   2.2181379e+04   1.6475124e+04   1.6208934e+01   9.0100000e-01
   2.2189433e+04   1.6476025e+04   2.4313402e+01   8.9100000e-01
   2.2197488e+04   1.6476926e+04   3.2417869e+01   8.8200000e-01
   2.2205542e+04   1.6477826e+04   4.0522222e+01   8.7200000e-01
   2.2213596e+04   1.6478727e+04   4.8626689e+01   8.6200000e-01
   2.2221650e+04   1.6479628e+04   5.6731156e+01   8.5100000e-01
   2.2229705e+04   1.6480529e+04   6.4835623e+01   8.3700000e-01
   2.2237759e+04   1.6481429e+04   7.2940090e+01   8.2300000e-01
   2.2245813e+04   1.6482330e+04   8.1044558e+01   8.0900000e-01
   2.2253867e+04   1.6483231e+04   8.9149025e+01   7.9900000e-01
   2.2261922e+04   1.6484132e+04   9.7253492e+01   7.8900000e-01
   2.2269976e+04   1.6485033e+04   1.0535796e+02   7.8100000e-01
   2.2278030e+04   1.6485933e+04   1.1346231e+02   7.7000000e-01
   2.2286084e+04   1.6486834e+04   1.2156678e+02   7.5600000e-01
   2.2294139e+04   1.6487735e+04   1.2967125e+02   7.4100000e-01
   2.2302193e+04   1.6488635e+04   1.3777571e+02   7.2700000e-01
   2.2310247e+04   1.6489536e+04   1.4588018e+02   7.1400000e-01
   2.2318301e+04   1.6490437e+04   1.5398465e+02   7.0100000e-01
   2.2326356e+04   1.6491338e+04   1.6208912e+02   6.8800000e-01
   2.2334410e+04   1.6492239e+04   1.7019358e+02   6.7500000e-01
   2.2342464e+04   1.6493140e+04   1.7829805e+02   6.6100000e-01
   2.2350518e+04   1.6494040e+04   1.8640240e+02   6.4900000e-01
   2.2358573e+04   1.6494941e+04   1.9450687e+02   6.3500000e-01
   2.2366627e+04   1.6495841e+04   2.0261134e+02   6.2100000e-01
   2.2374681e+04   1.6496742e+04   2.1071580e+02   6.1000000e-01
   2.2382735e+04   1.6497643e+04   2.1882027e+02   5.9600000e-01
   2.2390789e+04   1.6498544e+04   2.2692474e+02   5.7900000e-01
   2.2398844e+04   1.6499445e+04   2.3502921e+02   5.5100000e-01
   2.2406898e+04   1.6500346e+04   2.4313367e+02   5.3800000e-01
   2.2414952e+04   1.6501246e+04   2.5123803e+02   5.6300000e-01
   2.2423006e+04   1.6502147e+04   2.5934249e+02   6.5000000e-01
   2.2431061e+04   1.6503048e+04   2.6744696e+02   6.4800000e-01
   2.2439115e+04   1.6503948e+04   2.7555143e+02   4.0700000e-01
   2.2447169e+04   1.6504849e+04   2.8365589e+02  -1.6700000e-01
   2.2455223e+04   1.6505750e+04   2.9176036e+02  -7.2600000e-01
   2.2463278e+04   1.6506651e+04   2.9986483e+02  -5.4300000e-01
   2.2471332e+04   1.6507552e+04   3.0796930e+02  -3.3800000e-01
   2.2479386e+04   1.6508453e+04   3.1607376e+02  -3.0000000e-01
   2.2487440e+04   1.6509353e+04   3.2417812e+02  -2.7400000e-01
   2.2495495e+04   1.6510254e+04   3.3228258e+02  -2.2400000e-01
   2.2503549e+04   1.6511154e+04   3.4038705e+02  -1.5900000e-01
   2.2511603e+04   1.6512055e+04   3.4849152e+02  -9.8000000e-02
   2.2519657e+04   1.6512956e+04   3.5659598e+02  -4.5000000e-02
   2.2527712e+04   1.6513857e+04   3.6470045e+02  -8.0000000e-03
   2.2535766e+04   1.6514758e+04   3.7280492e+02   2.0000000e-03
   2.2543820e+04   1.6515659e+04   3.8090939e+02  -1.1000000e-02
   2.2551874e+04   1.6516560e+04   3.8901385e+02  -3.7000000e-02
   2.2559929e+04   1.6517460e+04   3.9711821e+02  -7.3000000e-02
   2.2567983e+04   1.6518361e+04   4.0522267e+02  -1.1300000e-01
   2.2576037e+04   1.6519261e+04   4.1332714e+02  -1.6000000e-01
   2.2584091e+04   1.6520162e+04   4.2143161e+02  -2.1400000e-01
   2.2592146e+04   1.6521063e+04   4.2953608e+02  -2.6100000e-01
   2.2600200e+04   1.6521964e+04   4.3764054e+02  -2.8300000e-01
   2.2608254e+04   1.6522865e+04   4.4574501e+02  -2.8700000e-01
   2.2616308e+04   1.6523766e+04   4.5384948e+02  -2.9100000e-01
   2.2624362e+04   1.6524667e+04   4.6195394e+02  -2.9600000e-01
   2.2632417e+04   1.6525567e+04   4.7005830e+02  -3.0600000e-01
   2.2640471e+04   1.6526467e+04   4.7816276e+02  -3.2300000e-01
   2.2648525e+04   1.6527368e+04   4.8626723e+02  -4.0800000e-01
   2.2656579e+04   1.6528269e+04   4.9437170e+02  -4.7900000e-01
   2.2664634e+04   1.6529170e+04   5.0247617e+02  -5.6000000e-01
   2.2672688e+04   1.6530071e+04   5.1058063e+02  -6.4600000e-01
   2.2680742e+04   1.6530972e+04   5.1868510e+02  -7.1000000e-01
   2.2688796e+04   1.6531873e+04   5.2678957e+02  -7.3000000e-01
   2.2696851e+04   1.6532774e+04   5.3489403e+02  -1.1710000e+00
   2.2704905e+04   1.6533674e+04   5.4299839e+02  -1.2730000e+00
   2.2712959e+04   1.6534574e+04   5.5110285e+02  -1.2300000e+00
   2.2721013e+04   1.6535475e+04   5.5920732e+02  -1.1960000e+00
   2.2729068e+04   1.6536376e+04   5.6731179e+02  -9.1500000e-01
   2.2737122e+04   1.6537277e+04   5.7541626e+02  -9.2700000e-01
   2.2745176e+04   1.6538178e+04   5.8352072e+02  -1.0290000e+00
   2.2753230e+04   1.6539079e+04   5.9162519e+02  -1.1390000e+00
   2.2761285e+04   1.6539980e+04   5.9972966e+02  -1.4550000e+00
   2.2769339e+04   1.6540880e+04   6.0783401e+02  -1.6350000e+00
   2.2777393e+04   1.6541780e+04   6.1593848e+02  -1.6970000e+00
   2.2785447e+04   1.6542681e+04   6.2404295e+02  -1.7550000e+00
   2.2793502e+04   1.6543582e+04   6.3214741e+02  -1.7930000e+00
   2.2801556e+04   1.6544483e+04   6.4025188e+02  -1.8300000e+00
   2.2809610e+04   1.6545384e+04   6.4835635e+02  -1.9270000e+00
   2.2817664e+04   1.6546285e+04   6.5646081e+02  -2.1020000e+00
   2.2825718e+04   1.6547186e+04   6.6456528e+02  -2.2480000e+00
   2.2833773e+04   1.6548087e+04   6.7266975e+02  -2.1180000e+00
   2.2841827e+04   1.6548986e+04   6.8077410e+02  -2.0050000e+00
   2.2849881e+04   1.6549887e+04   6.8887857e+02  -2.0370000e+00
   2.2857935e+04   1.6550788e+04   6.9698304e+02  -2.3060000e+00
   2.2865990e+04   1.6551689e+04   7.0508750e+02  -2.4070000e+00
   2.2874044e+04   1.6552590e+04   7.1319197e+02  -2.5940000e+00
   2.2882098e+04   1.6553491e+04   7.2129644e+02  -3.7210000e+00
   2.2890152e+04   1.6554392e+04   7.2940090e+02  -4.7660000e+00
   2.2898207e+04   1.6555293e+04   7.3750537e+02  -5.1690000e+00
   2.2906261e+04   1.6556194e+04   7.4560984e+02  -4.2050000e+00
   2.2914315e+04   1.6557093e+04   7.5371419e+02  -3.2310000e+00
   2.2922369e+04   1.6557994e+04   7.6181866e+02  -2.3700000e+00
   2.2930424e+04   1.6558895e+04   7.6992313e+02  -1.6450000e+00
   2.2938478e+04   1.6559796e+04   7.7802759e+02  -1.2950000e+00
   2.2946532e+04   1.6560697e+04   7.8613206e+02  -8.4300000e-01
   2.2954586e+04   1.6561598e+04   7.9423653e+02  -5.0300000e-01
   2.2962641e+04   1.6562499e+04   8.0234099e+02  -4.0300000e-01
   2.2970695e+04   1.6563400e+04   8.1044546e+02  -4.2700000e-01
   2.2978749e+04   1.6564301e+04   8.1854993e+02  -5.5000000e-02
   2.2986803e+04   1.6565200e+04   8.2665428e+02   5.4300000e-01
   2.2994858e+04   1.6566101e+04   8.3475875e+02   1.1410000e+00
   2.3002912e+04   1.6567002e+04   8.4286322e+02   1.5570000e+00
   2.3010966e+04   1.6567903e+04   8.5096768e+02   1.8440000e+00
   2.3019020e+04   1.6568804e+04   8.5907215e+02   2.1000000e+00
   2.3027075e+04   1.6569705e+04   8.6717662e+02   2.3850000e+00
   2.3035129e+04   1.6570606e+04   8.7528109e+02   2.6790000e+00
   2.3043183e+04   1.6571507e+04   8.8338555e+02   2.9240000e+00
   2.3051237e+04   1.6572407e+04   8.9149002e+02   3.1900000e+00
   2.3059291e+04   1.6573307e+04   8.9959437e+02   3.4840000e+00
   2.3067346e+04   1.6574208e+04   9.0769884e+02   3.7730000e+00
   2.3075400e+04   1.6575109e+04   9.1580331e+02   4.0250000e+00
   2.3083454e+04   1.6576010e+04   9.2390777e+02   4.2400000e+00
   2.3091508e+04   1.6576911e+04   9.3201224e+02   4.4330000e+00
   2.3099563e+04   1.6577812e+04   9.4011671e+02   4.6220000e+00
   2.3107617e+04   1.6578713e+04   9.4822118e+02   4.7860000e+00
   2.3115671e+04   1.6579613e+04   9.5632564e+02   4.9220000e+00
   2.3123725e+04   1.6580514e+04   9.6443011e+02   5.0880000e+00
   2.3131780e+04   1.6581414e+04   9.7253446e+02   5.2650000e+00
   2.3139834e+04   1.6582315e+04   9.8063893e+02   5.4410000e+00
   2.3147888e+04   1.6583216e+04   9.8874340e+02   5.6110000e+00
   2.3155942e+04   1.6584117e+04   9.9684786e+02   5.7710000e+00
   2.3163997e+04   1.6585018e+04   1.0049523e+03   5.9160000e+00
   2.3172051e+04   1.6585919e+04   1.0130568e+03   6.0300000e+00
   2.3180105e+04   1.6586820e+04   1.0211613e+03   6.1410000e+00
   2.3188159e+04   1.6587720e+04   1.0292657e+03   6.2530000e+00
   2.3196214e+04   1.6588620e+04   1.0373701e+03   6.3590000e+00
   2.3204268e+04   1.6589521e+04   1.0454746e+03   6.4570000e+00
   2.3212322e+04   1.6590422e+04   1.0535790e+03   6.5490000e+00
   2.3220376e+04   1.6591323e+04   1.0616835e+03   6.6390000e+00
   2.3228431e+04   1.6592224e+04   1.0697880e+03   6.7240000e+00
   2.3236485e+04   1.6593125e+04   1.0778924e+03   6.7980000e+00
   2.3244539e+04   1.6594026e+04   1.0859969e+03   6.8620000e+00
   2.3252593e+04   1.6594926e+04   1.0941014e+03   6.9240000e+00
   2.3260648e+04   1.6595827e+04   1.1022058e+03   6.9880000e+00
   2.3268702e+04   1.6596727e+04   1.1103102e+03   7.0490000e+00
   2.3276756e+04   1.6597628e+04   1.1184146e+03   7.1060000e+00
   2.3284810e+04   1.6598529e+04   1.1265191e+03   7.1610000e+00
   2.3292864e+04   1.6599430e+04   1.1346236e+03   7.2180000e+00
   2.3300919e+04   1.6600331e+04   1.1427280e+03   7.2710000e+00
   2.3308973e+04   1.6601232e+04   1.1508325e+03   7.3150000e+00
   2.3317027e+04   1.6602133e+04   1.1589370e+03   7.3490000e+00
   2.3325081e+04   1.6603033e+04   1.1670414e+03   7.3910000e+00
   2.3333136e+04   1.6603934e+04   1.1751459e+03   7.4390000e+00
   2.3341190e+04   1.6604834e+04   1.1832503e+03   7.4790000e+00
   2.3349244e+04   1.6605735e+04   1.1913547e+03   7.5140000e+00
   2.3357298e+04   1.6606636e+04   1.1994592e+03   7.5440000e+00
   2.3365353e+04   1.6607537e+04   1.2075637e+03   7.5760000e+00
   2.3373407e+04   1.6608438e+04   1.2156681e+03   7.6070000e+00
   2.3381461e+04   1.6609339e+04   1.2237726e+03   7.6360000e+00
   2.3389515e+04   1.6610239e+04   1.2318771e+03   7.6620000e+00
   2.3397570e+04   1.6611140e+04   1.2399815e+03   7.6840000e+00
   2.3405624e+04   1.6612041e+04   1.2480860e+03   7.7030000e+00
   2.3413678e+04   1.6612941e+04   1.2561904e+03   7.7220000e+00
   2.3421732e+04   1.6613842e+04   1.2642948e+03   7.7370000e+00
   2.3429787e+04   1.6614743e+04   1.2723993e+03   7.7540000e+00
   2.3437841e+04   1.6615644e+04   1.2805038e+03   7.7610000e+00
   2.3445895e+04   1.6616545e+04   1.2886082e+03   7.7770000e+00
   2.3453949e+04   1.6617446e+04   1.2967127e+03   7.8110000e+00
   2.3462004e+04   1.6618346e+04   1.3048172e+03   7.8480000e+00
   2.3470058e+04   1.6619247e+04   1.3129216e+03   7.9060000e+00
   2.3478112e+04   1.6620148e+04   1.3210261e+03   7.9720000e+00
   2.3486166e+04   1.6621048e+04   1.3291304e+03   8.0260000e+00
   2.3494220e+04   1.6621949e+04   1.3372349e+03   8.0740000e+00
   2.3502275e+04   1.6622850e+04   1.3453394e+03   8.1170000e+00
   2.3510329e+04   1.6623751e+04   1.3534438e+03   8.1530000e+00
   2.3518383e+04   1.6624652e+04   1.3615483e+03   8.1880000e+00
   2.3526437e+04   1.6625552e+04   1.3696528e+03   8.2270000e+00
   2.3534492e+04   1.6626453e+04   1.3777573e+03   8.2720000e+00
   2.3542546e+04   1.6627354e+04   1.3858617e+03   8.3210000e+00
   2.3550600e+04   1.6628255e+04   1.3939662e+03   8.3690000e+00
   2.3558654e+04   1.6629155e+04   1.4020705e+03   8.4140000e+00
   2.3566709e+04   1.6630056e+04   1.4101750e+03   8.4510000e+00
   2.3574763e+04   1.6630957e+04   1.4182795e+03   8.4840000e+00
   2.3582817e+04   1.6631858e+04   1.4263839e+03   8.5150000e+00
   2.3590871e+04   1.6632758e+04   1.4344884e+03   8.5510000e+00
   2.3598926e+04   1.6633659e+04   1.4425929e+03   8.6040000e+00
   2.3606980e+04   1.6634560e+04   1.4506973e+03   8.6830000e+00
   2.3615034e+04   1.6635461e+04   1.4588018e+03   8.7830000e+00
   2.3623088e+04   1.6636361e+04   1.4669062e+03   8.8900000e+00
   2.3631143e+04   1.6637262e+04   1.4750106e+03   8.9970000e+00
   2.3639197e+04   1.6638163e+04   1.4831151e+03   9.0990000e+00
   2.3647251e+04   1.6639064e+04   1.4912196e+03   9.1960000e+00
   2.3655305e+04   1.6639965e+04   1.4993240e+03   9.2880000e+00
   2.3663360e+04   1.6640865e+04   1.5074285e+03   9.3740000e+00
   2.3671414e+04   1.6641766e+04   1.5155330e+03   9.4500000e+00
   2.3679468e+04   1.6642667e+04   1.5236374e+03   9.5160000e+00
   2.3687522e+04   1.6643568e+04   1.5317419e+03   9.5720000e+00
   2.3695577e+04   1.6644468e+04   1.5398463e+03   9.6210000e+00
   2.3703631e+04   1.6645369e+04   1.5479507e+03   9.6660000e+00
   2.3711685e+04   1.6646270e+04   1.5560552e+03   9.7080000e+00
   2.3719739e+04   1.6647171e+04   1.5641597e+03   9.7450000e+00
   2.3727793e+04   1.6648071e+04   1.5722641e+03   9.7750000e+00
   2.3735848e+04   1.6648972e+04   1.5803686e+03   9.8080000e+00
   2.3743902e+04   1.6649873e+04   1.5884731e+03   9.8510000e+00
   2.3751956e+04   1.6650774e+04   1.5965775e+03   9.8920000e+00
   2.3760010e+04   1.6651675e+04   1.6046820e+03   9.9500000e+00
   2.3768065e+04   1.6652575e+04   1.6127863e+03   1.0014000e+01
   2.3776119e+04   1.6653476e+04   1.6208908e+03   1.0076000e+01
   2.3784173e+04   1.6654377e+04   1.6289953e+03   1.0139000e+01
   2.3792227e+04   1.6655278e+04   1.6370997e+03   1.0201000e+01
   2.3800282e+04   1.6656178e+04   1.6452042e+03   1.0262000e+01
   2.3808336e+04   1.6657079e+04   1.6533087e+03   1.0322000e+01
   2.3816390e+04   1.6657980e+04   1.6614131e+03   1.0377000e+01
   2.3824444e+04   1.6658881e+04   1.6695176e+03   1.0425000e+01
   2.3832499e+04   1.6659782e+04   1.6776221e+03   1.0468000e+01
   2.3840553e+04   1.6660682e+04   1.6857264e+03   1.0506000e+01
   2.3848607e+04   1.6661583e+04   1.6938309e+03   1.0546000e+01
   2.3856661e+04   1.6662484e+04   1.7019354e+03   1.0588000e+01
   2.3864716e+04   1.6663384e+04   1.7100398e+03   1.0632000e+01
   2.3872770e+04   1.6664285e+04   1.7181443e+03   1.0677000e+01
   2.3880824e+04   1.6665186e+04   1.7262488e+03   1.0711000e+01
   2.3888878e+04   1.6666087e+04   1.7343532e+03   1.0726000e+01
   2.3896933e+04   1.6666988e+04   1.7424577e+03   1.0720000e+01
   2.3904987e+04   1.6667889e+04   1.7505622e+03   1.0701000e+01
   2.3913041e+04   1.6668789e+04   1.7586665e+03   1.0673000e+01
   2.3921095e+04   1.6669690e+04   1.7667710e+03   1.0645000e+01
   2.3929149e+04   1.6670591e+04   1.7748755e+03   1.0628000e+01
   2.3937204e+04   1.6671491e+04   1.7829799e+03   1.0639000e+01
   2.3945258e+04   1.6672392e+04   1.7910844e+03   1.0708000e+01
   2.3953312e+04   1.6673293e+04   1.7991889e+03   1.0790000e+01
   2.3961366e+04   1.6674194e+04   1.8072933e+03   1.0859000e+01
   2.3969421e+04   1.6675095e+04   1.8153978e+03   1.0926000e+01
   2.3977475e+04   1.6675995e+04   1.8235021e+03   1.0976000e+01
   2.3985529e+04   1.6676896e+04   1.8316066e+03   1.1014000e+01
   2.3993583e+04   1.6677797e+04   1.8397111e+03   1.1046000e+01
   2.4001638e+04   1.6678697e+04   1.8478155e+03   1.1075000e+01
   2.4009692e+04   1.6679598e+04   1.8559200e+03   1.1102000e+01
   2.4017746e+04   1.6680499e+04   1.8640245e+03   1.1136000e+01
   2.4025800e+04   1.6681400e+04   1.8721289e+03   1.1163000e+01
   2.4033855e+04   1.6682301e+04   1.8802334e+03   1.1182000e+01
   2.4041909e+04   1.6683202e+04   1.8883379e+03   1.1204000e+01
   2.4049963e+04   1.6684102e+04   1.8964422e+03   1.1229000e+01
   2.4058017e+04   1.6685003e+04   1.9045467e+03   1.1253000e+01
   2.4066072e+04   1.6685903e+04   1.9126512e+03   1.1277000e+01
   2.4074126e+04   1.6686804e+04   1.9207556e+03   1.1300000e+01
   2.4082180e+04   1.6687705e+04   1.9288601e+03   1.1321000e+01
   2.4090234e+04   1.6688606e+04   1.9369646e+03   1.1342000e+01
   2.4098289e+04   1.6689507e+04   1.9450690e+03   1.1354000e+01
   2.4106343e+04   1.6690408e+04   1.9531735e+03   1.1353000e+01
   2.4114397e+04   1.6691309e+04   1.9612780e+03   1.1336000e+01
   2.4122451e+04   1.6692209e+04   1.9693823e+03   1.1306000e+01
   2.4130506e+04   1.6693110e+04   1.9774868e+03   1.1268000e+01
   2.4138560e+04   1.6694010e+04   1.9855913e+03   1.1225000e+01
   2.4146614e+04   1.6694911e+04   1.9936957e+03   1.1178000e+01
   2.4154668e+04   1.6695812e+04   2.0018002e+03   1.1126000e+01
   2.4162722e+04   1.6696713e+04   2.0099047e+03   1.1073000e+01
   2.4170777e+04   1.6697614e+04   2.0180091e+03   1.1028000e+01
   2.4178831e+04   1.6698515e+04   2.0261136e+03   1.1010000e+01
   2.4186885e+04   1.6699416e+04   2.0342181e+03   1.1005000e+01
   2.4194939e+04   1.6700316e+04   2.0423224e+03   1.1003000e+01
   2.4202994e+04   1.6701216e+04   2.0504269e+03   1.1002000e+01
   2.4211048e+04   1.6702117e+04   2.0585314e+03   1.1004000e+01
   2.4219102e+04   1.6703018e+04   2.0666358e+03   1.1007000e+01
   2.4227156e+04   1.6703919e+04   2.0747403e+03   1.1006000e+01
   2.4235211e+04   1.6704820e+04   2.0828448e+03   1.1003000e+01
   2.4243265e+04   1.6705721e+04   2.0909492e+03   1.1005000e+01
   2.4251319e+04   1.6706622e+04   2.0990537e+03   1.1024000e+01
   2.4259373e+04   1.6707523e+04   2.1071582e+03   1.1052000e+01
   2.4267428e+04   1.6708423e+04   2.1152625e+03   1.1084000e+01
   2.4275482e+04   1.6709323e+04   2.1233670e+03   1.1119000e+01
   2.4283536e+04   1.6710224e+04   2.1314714e+03   1.1156000e+01
   2.4291590e+04   1.6711125e+04   2.1395759e+03   1.1196000e+01
   2.4299645e+04   1.6712026e+04   2.1476804e+03   1.1237000e+01
   2.4307699e+04   1.6712927e+04   2.1557848e+03   1.1275000e+01
   2.4315753e+04   1.6713828e+04   2.1638893e+03   1.1314000e+01
   2.4323807e+04   1.6714729e+04   2.1719938e+03   1.1357000e+01
   2.4331862e+04   1.6715630e+04   2.1800982e+03   1.1403000e+01
   2.4339916e+04   1.6716529e+04   2.1882026e+03   1.1450000e+01
   2.4347970e+04   1.6717430e+04   2.1963071e+03   1.1500000e+01
   2.4356024e+04   1.6718331e+04   2.2044115e+03   1.1550000e+01
   2.4364078e+04   1.6719232e+04   2.2125160e+03   1.1597000e+01
   2.4372133e+04   1.6720133e+04   2.2206205e+03   1.1642000e+01
   2.4380187e+04   1.6721034e+04   2.2287249e+03   1.1685000e+01
   2.4388241e+04   1.6721935e+04   2.2368294e+03   1.1728000e+01
   2.4396295e+04   1.6722836e+04   2.2449339e+03   1.1773000e+01
   2.4404350e+04   1.6723735e+04   2.2530382e+03   1.1819000e+01
   2.4412404e+04   1.6724636e+04   2.2611427e+03   1.1867000e+01
   2.4420458e+04   1.6725537e+04   2.2692472e+03   1.1917000e+01
   2.4428512e+04   1.6726438e+04   2.2773516e+03   1.1967000e+01
   2.4436567e+04   1.6727339e+04   2.2854561e+03   1.2012000e+01
   2.4444621e+04   1.6728240e+04   2.2935606e+03   1.2044000e+01
   2.4452675e+04   1.6729141e+04   2.3016650e+03   1.2045000e+01
   2.4460729e+04   1.6730042e+04   2.3097695e+03   1.2012000e+01
   2.4468784e+04   1.6730943e+04   2.3178740e+03   1.1964000e+01
   2.4476838e+04   1.6731842e+04   2.3259783e+03   1.1920000e+01
   2.4484892e+04   1.6732743e+04   2.3340828e+03   1.1887000e+01
   2.4492946e+04   1.6733644e+04   2.3421872e+03   1.1859000e+01
   2.4501001e+04   1.6734545e+04   2.3502917e+03   1.1834000e+01
   2.4509055e+04   1.6735446e+04   2.3583962e+03   1.1814000e+01
   2.4517109e+04   1.6736347e+04   2.3665006e+03   1.1803000e+01
   2.4525163e+04   1.6737248e+04   2.3746051e+03   1.1802000e+01
   2.4533218e+04   1.6738149e+04   2.3827096e+03   1.1776000e+01
   2.4541272e+04   1.6739050e+04   2.3908140e+03   1.1749000e+01
   2.4549326e+04   1.6739949e+04   2.3989184e+03   1.1740000e+01
   2.4557380e+04   1.6740850e+04   2.4070229e+03   1.1742000e+01
   2.4565435e+04   1.6741751e+04   2.4151273e+03   1.1745000e+01
