   2.2261922e+04   1.4928948e+04   0.0000000e+00   9.9300000e-01
   2.2269976e+04   1.4929849e+04   8.1044672e+00   9.8000000e-01
   2.2278030e+04   1.4930750e+04   1.6208934e+01   9.6800000e-01
   2.2286084e+04   1.4931651e+04   2.4313402e+01   9.5700000e-01
   2.2294139e+04   1.4932552e+04   3.2417869e+01   9.4600000e-01
   2.2302193e+04   1.4933452e+04   4.0522222e+01   9.3400000e-01
   2.2310247e+04   1.4934353e+04   4.8626689e+01   9.2400000e-01
   2.2318301e+04   1.4935254e+04   5.6731156e+01   9.1500000e-01
   2.2326356e+04   1.4936155e+04   6.4835623e+01   9.0800000e-01
   2.2334410e+04   1.4937055e+04   7.2940090e+01   9.0100000e-01
   2.2342464e+04   1.4937956e+04   8.1044558e+01   8.9400000e-01
   2.2350518e+04   1.4938857e+04   8.9149025e+01   8.8600000e-01
   2.2358573e+04   1.4939758e+04   9.7253492e+01   8.7700000e-01
   2.2366627e+04   1.4940659e+04   1.0535796e+02   8.6500000e-01
   2.2374681e+04   1.4941559e+04   1.1346231e+02   8.5400000e-01
   2.2382735e+04   1.4942460e+04   1.2156678e+02   8.4200000e-01
   2.2390789e+04   1.4943361e+04   1.2967125e+02   8.3300000e-01
   2.2398844e+04   1.4944261e+04   1.3777571e+02   8.2600000e-01
   2.2406898e+04   1.4945162e+04   1.4588018e+02   8.1900000e-01
   2.2414952e+04   1.4946063e+04   1.5398465e+02   8.1200000e-01
   2.2423006e+04   1.4946964e+04   1.6208912e+02   8.0500000e-01
   2.2431061e+04   1.4947865e+04   1.7019358e+02   7.9800000e-01
   2.2439115e+04   1.4948766e+04   1.7829805e+02   7.9100000e-01
   2.2447169e+04   1.4949666e+04   1.8640240e+02   7.8100000e-01
   2.2455223e+04   1.4950567e+04   1.9450687e+02   7.7100000e-01
   2.2463278e+04   1.4951468e+04   2.0261134e+02   7.6100000e-01
   2.2471332e+04   1.4952368e+04   2.1071580e+02   7.5400000e-01
   2.2479386e+04   1.4953269e+04   2.1882027e+02   7.4700000e-01
   2.2487440e+04   1.4954170e+04   2.2692474e+02   7.3900000e-01
   2.2495495e+04   1.4955071e+04   2.3502921e+02   7.3300000e-01
   2.2503549e+04   1.4955972e+04   2.4313367e+02   7.2600000e-01
   2.2511603e+04   1.4956872e+04   2.5123803e+02   7.1900000e-01
   2.2519657e+04   1.4957773e+04   2.5934249e+02   7.1000000e-01
   2.2527712e+04   1.4958674e+04   2.6744696e+02   7.0400000e-01
   2.2535766e+04   1.4959574e+04   2.7555143e+02   6.9900000e-01
   2.2543820e+04   1.4960475e+04   2.8365589e+02   6.9200000e-01
   2.2551874e+04   1.4961376e+04   2.9176036e+02   6.8500000e-01
   2.2559929e+04   1.4962277e+04   2.9986483e+02   6.7700000e-01
   2.2567983e+04   1.4963178e+04   3.0796930e+02   6.6900000e-01
   2.2576037e+04   1.4964079e+04   3.1607376e+02   6.6000000e-01
   2.2584091e+04   1.4964979e+04   3.2417812e+02   6.5200000e-01
   2.2592146e+04   1.4965880e+04   3.3228258e+02   6.4500000e-01
   2.2600200e+04   1.4966780e+04   3.4038705e+02   6.3800000e-01
   2.2608254e+04   1.4967681e+04   3.4849152e+02   6.3100000e-01
   2.2616308e+04   1.4968582e+04   3.5659598e+02   6.2500000e-01
   2.2624362e+04   1.4969483e+04   3.6470045e+02   6.1800000e-01
   2.2632417e+04   1.4970384e+04   3.7280492e+02   6.1200000e-01
   2.2640471e+04   1.4971285e+04   3.8090939e+02   6.0600000e-01
   2.2648525e+04   1.4972186e+04   3.8901385e+02   5.9800000e-01
   2.2656579e+04   1.4973086e+04   3.9711821e+02   5.9100000e-01
   2.2664634e+04   1.4973987e+04   4.0522267e+02   5.8400000e-01
   2.2672688e+04   1.4974887e+04   4.1332714e+02   5.7700000e-01
   2.2680742e+04   1.4975788e+04   4.2143161e+02   5.6900000e-01
   2.2688796e+04   1.4976689e+04   4.2953608e+02   5.5200000e-01
   2.2696851e+04   1.4977590e+04   4.3764054e+02   5.4500000e-01
   2.2704905e+04   1.4978491e+04   4.4574501e+02   5.5700000e-01
   2.2712959e+04   1.4979392e+04   4.5384948e+02   6.3400000e-01
   2.2721013e+04   1.4980293e+04   4.6195394e+02   6.5700000e-01
   2.2729068e+04   1.4981193e+04   4.7005830e+02   5.2400000e-01
   2.2737122e+04   1.4982093e+04   4.7816276e+02   1.6000000e-02
   2.2745176e+04   1.4982994e+04   4.8626723e+02  -4.4400000e-01
   2.2753230e+04   1.4983895e+04   4.9437170e+02  -5.1900000e-01
   2.2761285e+04   1.4984796e+04   5.0247617e+02  -4.8100000e-01
   2.2769339e+04   1.4985697e+04   5.1058063e+02  -5.0600000e-01
   2.2777393e+04   1.4986598e+04   5.1868510e+02  -5.5400000e-01
   2.2785447e+04   1.4987499e+04   5.2678957e+02  -5.2400000e-01
   2.2793502e+04   1.4988400e+04   5.3489403e+02  -4.9400000e-01
   2.2801556e+04   1.4989300e+04   5.4299839e+02  -5.4100000e-01
   2.2809610e+04   1.4990200e+04   5.5110285e+02  -5.7600000e-01
   2.2817664e+04   1.4991101e+04   5.5920732e+02  -6.7000000e-01
   2.2825718e+04   1.4992002e+04   5.6731179e+02  -7.0200000e-01
   2.2833773e+04   1.4992903e+04   5.7541626e+02  -6.3600000e-01
   2.2841827e+04   1.4993804e+04   5.8352072e+02  -9.4300000e-01
   2.2849881e+04   1.4994705e+04   5.9162519e+02  -8.4100000e-01
   2.2857935e+04   1.4995606e+04   5.9972966e+02  -5.3500000e-01
   2.2865990e+04   1.4996506e+04   6.0783401e+02  -8.5500000e-01
   2.2874044e+04   1.4997406e+04   6.1593848e+02  -7.8600000e-01
   2.2882098e+04   1.4998307e+04   6.2404295e+02  -5.3700000e-01
   2.2890152e+04   1.4999208e+04   6.3214741e+02  -7.4600000e-01
   2.2898207e+04   1.5000109e+04   6.4025188e+02  -8.3800000e-01
   2.2906261e+04   1.5001010e+04   6.4835635e+02  -7.5800000e-01
   2.2914315e+04   1.5001911e+04   6.5646081e+02  -7.7100000e-01
   2.2922369e+04   1.5002812e+04   6.6456528e+02  -8.1100000e-01
   2.2930424e+04   1.5003713e+04   6.7266975e+02  -7.8000000e-01
   2.2938478e+04   1.5004613e+04   6.8077410e+02  -8.0700000e-01
   2.2946532e+04   1.5005513e+04   6.8887857e+02  -8.3400000e-01
   2.2954586e+04   1.5006414e+04   6.9698304e+02  -8.9100000e-01
   2.2962641e+04   1.5007315e+04   7.0508750e+02  -9.9500000e-01
   2.2970695e+04   1.5008216e+04   7.1319197e+02  -1.0390000e+00
   2.2978749e+04   1.5009117e+04   7.2129644e+02  -1.1020000e+00
   2.2986803e+04   1.5010018e+04   7.2940090e+02  -1.1290000e+00
   2.2994858e+04   1.5010919e+04   7.3750537e+02  -1.0710000e+00
   2.3002912e+04   1.5011820e+04   7.4560984e+02  -1.1330000e+00
   2.3010966e+04   1.5012719e+04   7.5371419e+02  -1.2080000e+00
   2.3019020e+04   1.5013620e+04   7.6181866e+02  -1.2280000e+00
   2.3027075e+04   1.5014521e+04   7.6992313e+02  -1.2870000e+00
   2.3035129e+04   1.5015422e+04   7.7802759e+02  -1.4030000e+00
   2.3043183e+04   1.5016323e+04   7.8613206e+02  -1.9030000e+00
   2.3051237e+04   1.5017224e+04   7.9423653e+02  -3.5470000e+00
   2.3059291e+04   1.5018125e+04   8.0234099e+02  -5.1370000e+00
   2.3067346e+04   1.5019026e+04   8.1044546e+02  -5.7030000e+00
   2.3075400e+04   1.5019927e+04   8.1854993e+02  -5.5430000e+00
   2.3083454e+04   1.5020826e+04   8.2665428e+02  -4.9820000e+00
   2.3091508e+04   1.5021727e+04   8.3475875e+02  -3.8390000e+00
   2.3099563e+04   1.5022628e+04   8.4286322e+02  -3.1170000e+00
   2.3107617e+04   1.5023529e+04   8.5096768e+02  -2.4500000e+00
   2.3115671e+04   1.5024430e+04   8.5907215e+02  -2.1850000e+00
   2.3123725e+04   1.5025331e+04   8.6717662e+02  -1.8470000e+00
   2.3131780e+04   1.5026232e+04   8.7528109e+02  -1.4690000e+00
   2.3139834e+04   1.5027133e+04   8.8338555e+02  -1.2480000e+00
   2.3147888e+04   1.5028033e+04   8.9149002e+02  -5.9000000e-01
   2.3155942e+04   1.5028933e+04   8.9959437e+02  -3.2900000e-01
   2.3163997e+04   1.5029834e+04   9.0769884e+02  -3.5600000e-01
   2.3172051e+04   1.5030735e+04   9.1580331e+02  -4.5100000e-01
   2.3180105e+04   1.5031636e+04   9.2390777e+02  -3.6800000e-01
   2.3188159e+04   1.5032537e+04   9.3201224e+02   1.5100000e-01
   2.3196214e+04   1.5033438e+04   9.4011671e+02   7.3000000e-02
   2.3204268e+04   1.5034339e+04   9.4822118e+02  -5.1000000e-02
   2.3212322e+04   1.5035240e+04   9.5632564e+02   1.0610000e+00
   2.3220376e+04   1.5036140e+04   9.6443011e+02   1.7990000e+00
   2.3228431e+04   1.5037040e+04   9.7253446e+02   2.3190000e+00
   2.3236485e+04   1.5037941e+04   9.8063893e+02   2.7720000e+00
   2.3244539e+04   1.5038842e+04   9.8874340e+02   3.2370000e+00
   2.3252593e+04   1.5039743e+04   9.9684786e+02   3.6620000e+00
   2.3260648e+04   1.5040644e+04   1.0049523e+03   4.0280000e+00
   2.3268702e+04   1.5041545e+04   1.0130568e+03   4.3370000e+00
   2.3276756e+04   1.5042446e+04   1.0211613e+03   4.5850000e+00
   2.3284810e+04   1.5043346e+04   1.0292657e+03   4.7900000e+00
   2.3292864e+04   1.5044246e+04   1.0373701e+03   5.0040000e+00
   2.3300919e+04   1.5045147e+04   1.0454746e+03   5.2050000e+00
   2.3308973e+04   1.5046048e+04   1.0535790e+03   5.3940000e+00
   2.3317027e+04   1.5046949e+04   1.0616835e+03   5.5740000e+00
   2.3325081e+04   1.5047850e+04   1.0697880e+03   5.7420000e+00
   2.3333136e+04   1.5048751e+04   1.0778924e+03   5.8980000e+00
   2.3341190e+04   1.5049652e+04   1.0859969e+03   6.0430000e+00
   2.3349244e+04   1.5050552e+04   1.0941014e+03   6.1750000e+00
   2.3357298e+04   1.5051453e+04   1.1022058e+03   6.2940000e+00
   2.3365353e+04   1.5052353e+04   1.1103102e+03   6.4020000e+00
   2.3373407e+04   1.5053254e+04   1.1184146e+03   6.5010000e+00
   2.3381461e+04   1.5054155e+04   1.1265191e+03   6.5930000e+00
   2.3389515e+04   1.5055056e+04   1.1346236e+03   6.6810000e+00
   2.3397570e+04   1.5055957e+04   1.1427280e+03   6.7640000e+00
   2.3405624e+04   1.5056858e+04   1.1508325e+03   6.8450000e+00
   2.3413678e+04   1.5057759e+04   1.1589370e+03   6.9230000e+00
   2.3421732e+04   1.5058659e+04   1.1670414e+03   7.0000000e+00
   2.3429787e+04   1.5059560e+04   1.1751459e+03   7.0750000e+00
   2.3437841e+04   1.5060460e+04   1.1832503e+03   7.1490000e+00
   2.3445895e+04   1.5061361e+04   1.1913547e+03   7.2210000e+00
   2.3453949e+04   1.5062262e+04   1.1994592e+03   7.2920000e+00
   2.3462004e+04   1.5063163e+04   1.2075637e+03   7.3640000e+00
   2.3470058e+04   1.5064064e+04   1.2156681e+03   7.4320000e+00
   2.3478112e+04   1.5064965e+04   1.2237726e+03   7.4970000e+00
   2.3486166e+04   1.5065865e+04   1.2318771e+03   7.5590000e+00
   2.3494220e+04   1.5066766e+04   1.2399815e+03   7.6180000e+00
   2.3502275e+04   1.5067667e+04   1.2480860e+03   7.6730000e+00
   2.3510329e+04   1.5068567e+04   1.2561904e+03   7.7250000e+00
   2.3518383e+04   1.5069468e+04   1.2642948e+03   7.7740000e+00
   2.3526437e+04   1.5070369e+04   1.2723993e+03   7.8210000e+00
   2.3534492e+04   1.5071270e+04   1.2805038e+03   7.8660000e+00
   2.3542546e+04   1.5072171e+04   1.2886082e+03   7.9090000e+00
   2.3550600e+04   1.5073072e+04   1.2967127e+03   7.9510000e+00
   2.3558654e+04   1.5073972e+04   1.3048172e+03   7.9880000e+00
   2.3566709e+04   1.5074873e+04   1.3129216e+03   8.0250000e+00
   2.3574763e+04   1.5075774e+04   1.3210261e+03   8.0640000e+00
   2.3582817e+04   1.5076674e+04   1.3291304e+03   8.1050000e+00
   2.3590871e+04   1.5077575e+04   1.3372349e+03   8.1440000e+00
   2.3598926e+04   1.5078476e+04   1.3453394e+03   8.1820000e+00
   2.3606980e+04   1.5079377e+04   1.3534438e+03   8.2190000e+00
   2.3615034e+04   1.5080278e+04   1.3615483e+03   8.2550000e+00
   2.3623088e+04   1.5081178e+04   1.3696528e+03   8.2890000e+00
   2.3631143e+04   1.5082079e+04   1.3777573e+03   8.3210000e+00
   2.3639197e+04   1.5082980e+04   1.3858617e+03   8.3560000e+00
   2.3647251e+04   1.5083881e+04   1.3939662e+03   8.3900000e+00
   2.3655305e+04   1.5084781e+04   1.4020705e+03   8.4230000e+00
   2.3663360e+04   1.5085682e+04   1.4101750e+03   8.4550000e+00
   2.3671414e+04   1.5086583e+04   1.4182795e+03   8.4850000e+00
   2.3679468e+04   1.5087484e+04   1.4263839e+03   8.5140000e+00
   2.3687522e+04   1.5088385e+04   1.4344884e+03   8.5440000e+00
   2.3695577e+04   1.5089285e+04   1.4425929e+03   8.5720000e+00
   2.3703631e+04   1.5090186e+04   1.4506973e+03   8.6000000e+00
   2.3711685e+04   1.5091087e+04   1.4588018e+03   8.6240000e+00
   2.3719739e+04   1.5091987e+04   1.4669062e+03   8.6460000e+00
   2.3727793e+04   1.5092888e+04   1.4750106e+03   8.6620000e+00
   2.3735848e+04   1.5093789e+04   1.4831151e+03   8.6720000e+00
   2.3743902e+04   1.5094690e+04   1.4912196e+03   8.6800000e+00
   2.3751956e+04   1.5095591e+04   1.4993240e+03   8.6850000e+00
   2.3760010e+04   1.5096491e+04   1.5074285e+03   8.6860000e+00
   2.3768065e+04   1.5097392e+04   1.5155330e+03   8.6860000e+00
   2.3776119e+04   1.5098293e+04   1.5236374e+03   8.6820000e+00
   2.3784173e+04   1.5099194e+04   1.5317419e+03   8.6780000e+00
   2.3792227e+04   1.5100094e+04   1.5398463e+03   8.6740000e+00
   2.3800282e+04   1.5100995e+04   1.5479507e+03   8.6700000e+00
   2.3808336e+04   1.5101896e+04   1.5560552e+03   8.6650000e+00
   2.3816390e+04   1.5102797e+04   1.5641597e+03   8.6590000e+00
   2.3824444e+04   1.5103697e+04   1.5722641e+03   8.6510000e+00
   2.3832499e+04   1.5104598e+04   1.5803686e+03   8.6420000e+00
   2.3840553e+04   1.5105499e+04   1.5884731e+03   8.6330000e+00
   2.3848607e+04   1.5106400e+04   1.5965775e+03   8.6270000e+00
   2.3856661e+04   1.5107301e+04   1.6046820e+03   8.6210000e+00
   2.3864716e+04   1.5108201e+04   1.6127863e+03   8.6160000e+00
   2.3872770e+04   1.5109102e+04   1.6208908e+03   8.6100000e+00
   2.3880824e+04   1.5110003e+04   1.6289953e+03   8.6060000e+00
   2.3888878e+04   1.5110904e+04   1.6370997e+03   8.6000000e+00
   2.3896933e+04   1.5111804e+04   1.6452042e+03   8.5940000e+00
   2.3904987e+04   1.5112705e+04   1.6533087e+03   8.5860000e+00
   2.3913041e+04   1.5113606e+04   1.6614131e+03   8.5780000e+00
   2.3921095e+04   1.5114507e+04   1.6695176e+03   8.5690000e+00
   2.3929149e+04   1.5115408e+04   1.6776221e+03   8.5650000e+00
   2.3937204e+04   1.5116308e+04   1.6857264e+03   8.5590000e+00
   2.3945258e+04   1.5117209e+04   1.6938309e+03   8.5540000e+00
   2.3953312e+04   1.5118110e+04   1.7019354e+03   8.5490000e+00
   2.3961366e+04   1.5119010e+04   1.7100398e+03   8.5460000e+00
   2.3969421e+04   1.5119911e+04   1.7181443e+03   8.5410000e+00
   2.3977475e+04   1.5120812e+04   1.7262488e+03   8.5360000e+00
   2.3985529e+04   1.5121713e+04   1.7343532e+03   8.5320000e+00
   2.3993583e+04   1.5122614e+04   1.7424577e+03   8.5300000e+00
   2.4001638e+04   1.5123515e+04   1.7505622e+03   8.5300000e+00
   2.4009692e+04   1.5124415e+04   1.7586665e+03   8.5330000e+00
   2.4017746e+04   1.5125316e+04   1.7667710e+03   8.5390000e+00
   2.4025800e+04   1.5126217e+04   1.7748755e+03   8.5480000e+00
   2.4033855e+04   1.5127117e+04   1.7829799e+03   8.5610000e+00
   2.4041909e+04   1.5128018e+04   1.7910844e+03   8.5740000e+00
   2.4049963e+04   1.5128919e+04   1.7991889e+03   8.5890000e+00
   2.4058017e+04   1.5129820e+04   1.8072933e+03   8.6050000e+00
   2.4066072e+04   1.5130721e+04   1.8153978e+03   8.6210000e+00
   2.4074126e+04   1.5131621e+04   1.8235021e+03   8.6370000e+00
   2.4082180e+04   1.5132522e+04   1.8316066e+03   8.6550000e+00
   2.4090234e+04   1.5133423e+04   1.8397111e+03   8.6740000e+00
   2.4098289e+04   1.5134323e+04   1.8478155e+03   8.6980000e+00
   2.4106343e+04   1.5135224e+04   1.8559200e+03   8.7230000e+00
   2.4114397e+04   1.5136125e+04   1.8640245e+03   8.7510000e+00
   2.4122451e+04   1.5137026e+04   1.8721289e+03   8.7820000e+00
   2.4130506e+04   1.5137927e+04   1.8802334e+03   8.8200000e+00
   2.4138560e+04   1.5138828e+04   1.8883379e+03   8.8630000e+00
   2.4146614e+04   1.5139728e+04   1.8964422e+03   8.9110000e+00
   2.4154668e+04   1.5140629e+04   1.9045467e+03   8.9630000e+00
   2.4162722e+04   1.5141530e+04   1.9126512e+03   9.0180000e+00
   2.4170777e+04   1.5142430e+04   1.9207556e+03   9.0740000e+00
   2.4178831e+04   1.5143331e+04   1.9288601e+03   9.1300000e+00
   2.4186885e+04   1.5144232e+04   1.9369646e+03   9.1840000e+00
   2.4194939e+04   1.5145133e+04   1.9450690e+03   9.2350000e+00
   2.4202994e+04   1.5146034e+04   1.9531735e+03   9.2830000e+00
   2.4211048e+04   1.5146935e+04   1.9612780e+03   9.3300000e+00
   2.4219102e+04   1.5147835e+04   1.9693823e+03   9.3780000e+00
   2.4227156e+04   1.5148736e+04   1.9774868e+03   9.4280000e+00
   2.4235211e+04   1.5149636e+04   1.9855913e+03   9.4790000e+00
   2.4243265e+04   1.5150537e+04   1.9936957e+03   9.5320000e+00
   2.4251319e+04   1.5151438e+04   2.0018002e+03   9.5670000e+00
   2.4259373e+04   1.5152339e+04   2.0099047e+03   9.6180000e+00
   2.4267428e+04   1.5153240e+04   2.0180091e+03   9.6870000e+00
   2.4275482e+04   1.5154141e+04   2.0261136e+03   9.7640000e+00
   2.4283536e+04   1.5155042e+04   2.0342181e+03   9.8430000e+00
   2.4291590e+04   1.5155942e+04   2.0423224e+03   9.9200000e+00
   2.4299645e+04   1.5156842e+04   2.0504269e+03   9.9890000e+00
   2.4307699e+04   1.5157743e+04   2.0585314e+03   1.0052000e+01
   2.4315753e+04   1.5158644e+04   2.0666358e+03   1.0109000e+01
   2.4323807e+04   1.5159545e+04   2.0747403e+03   1.0168000e+01
   2.4331862e+04   1.5160446e+04   2.0828448e+03   1.0233000e+01
   2.4339916e+04   1.5161347e+04   2.0909492e+03   1.0293000e+01
   2.4347970e+04   1.5162248e+04   2.0990537e+03   1.0331000e+01
   2.4356024e+04   1.5163149e+04   2.1071582e+03   1.0324000e+01
   2.4364078e+04   1.5164049e+04   2.1152625e+03   1.0299000e+01
   2.4372133e+04   1.5164949e+04   2.1233670e+03   1.0266000e+01
   2.4380187e+04   1.5165850e+04   2.1314714e+03   1.0235000e+01
   2.4388241e+04   1.5166751e+04   2.1395759e+03   1.0201000e+01
   2.4396295e+04   1.5167652e+04   2.1476804e+03   1.0158000e+01
   2.4404350e+04   1.5168553e+04   2.1557848e+03   1.0105000e+01
   2.4412404e+04   1.5169454e+04   2.1638893e+03   1.0035000e+01
   2.4420458e+04   1.5170355e+04   2.1719938e+03   9.9480000e+00
   2.4428512e+04   1.5171256e+04   2.1800982e+03   9.8390000e+00
   2.4436567e+04   1.5172155e+04   2.1882026e+03   9.7050000e+00
   2.4444621e+04   1.5173056e+04   2.1963071e+03   9.5520000e+00
   2.4452675e+04   1.5173957e+04   2.2044115e+03   9.3930000e+00
   2.4460729e+04   1.5174858e+04   2.2125160e+03   9.2470000e+00
   2.4468784e+04   1.5175759e+04   2.2206205e+03   9.1470000e+00
   2.4476838e+04   1.5176660e+04   2.2287249e+03   9.1300000e+00
   2.4484892e+04   1.5177561e+04   2.2368294e+03   9.1580000e+00
   2.4492946e+04   1.5178462e+04   2.2449339e+03   9.1980000e+00
   2.4501001e+04   1.5179362e+04   2.2530382e+03   9.2320000e+00
   2.4509055e+04   1.5180262e+04   2.2611427e+03   9.2550000e+00
   2.4517109e+04   1.5181163e+04   2.2692472e+03   9.2680000e+00
   2.4525163e+04   1.5182064e+04   2.2773516e+03   9.2710000e+00
   2.4533218e+04   1.5182965e+04   2.2854561e+03   9.2650000e+00
   2.4541272e+04   1.5183866e+04   2.2935606e+03   9.2510000e+00
   2.4549326e+04   1.5184767e+04   2.3016650e+03   9.2320000e+00
   2.4557380e+04   1.5185668e+04   2.3097695e+03   9.2040000e+00
   2.4565435e+04   1.5186569e+04   2.3178740e+03   9.1690000e+00
   2.4573489e+04   1.5187468e+04   2.3259783e+03   9.1290000e+00
   2.4581543e+04   1.5188369e+04   2.3340828e+03   9.0820000e+00
   2.4589597e+04   1.5189270e+04   2.3421872e+03   9.0290000e+00
   2.4597651e+04   1.5190171e+04   2.3502917e+03   8.9730000e+00
   2.4605706e+04   1.5191072e+04   2.3583962e+03   8.9310000e+00
   2.4613760e+04   1.5191973e+04   2.3665006e+03   8.9130000e+00
   2.4621814e+04   1.5192874e+04   2.3746051e+03   8.9220000e+00
   2.4629868e+04   1.5193775e+04   2.3827096e+03   8.9520000e+00
   2.4637923e+04   1.5194676e+04   2.3908140e+03   8.9980000e+00
   2.4645977e+04   1.5195575e+04   2.3989184e+03   9.0410000e+00
   2.4654031e+04   1.5196476e+04   2.4070229e+03   9.0910000e+00
   2.4662085e+04   1.5197377e+04   2.4151273e+03   9.1450000e+00
