   2.2294139e+04   1.4414157e+04   0.0000000e+00   8.7900000e-01
   2.2302193e+04   1.4415058e+04   8.1044672e+00   8.7200000e-01
   2.2310247e+04   1.4415959e+04   1.6208934e+01   8.6500000e-01
   2.2318301e+04   1.4416860e+04   2.4313402e+01   8.5800000e-01
   2.2326356e+04   1.4417761e+04   3.2417869e+01   8.5300000e-01
   2.2334410e+04   1.4418661e+04   4.0522222e+01   8.4600000e-01
   2.2342464e+04   1.4419561e+04   4.8626689e+01   8.3900000e-01
   2.2350518e+04   1.4420462e+04   5.6731156e+01   8.2900000e-01
   2.2358573e+04   1.4421363e+04   6.4835623e+01   8.2000000e-01
   2.2366627e+04   1.4422264e+04   7.2940090e+01   8.1100000e-01
   2.2374681e+04   1.4423165e+04   8.1044558e+01   8.0400000e-01
   2.2382735e+04   1.4424066e+04   8.9149025e+01   7.9700000e-01
   2.2390789e+04   1.4424967e+04   9.7253492e+01   7.9100000e-01
   2.2398844e+04   1.4425868e+04   1.0535796e+02   7.8400000e-01
   2.2406898e+04   1.4426767e+04   1.1346231e+02   7.7800000e-01
   2.2414952e+04   1.4427668e+04   1.2156678e+02   7.7200000e-01
   2.2423006e+04   1.4428569e+04   1.2967125e+02   7.6600000e-01
   2.2431061e+04   1.4429470e+04   1.3777571e+02   7.6000000e-01
   2.2439115e+04   1.4430371e+04   1.4588018e+02   7.5400000e-01
   2.2447169e+04   1.4431272e+04   1.5398465e+02   7.4800000e-01
   2.2455223e+04   1.4432173e+04   1.6208912e+02   7.4100000e-01
   2.2463278e+04   1.4433074e+04   1.7019358e+02   7.3600000e-01
   2.2471332e+04   1.4433975e+04   1.7829805e+02   7.2900000e-01
   2.2479386e+04   1.4434874e+04   1.8640240e+02   7.2300000e-01
   2.2487440e+04   1.4435775e+04   1.9450687e+02   7.1600000e-01
   2.2495495e+04   1.4436676e+04   2.0261134e+02   7.0900000e-01
   2.2503549e+04   1.4437577e+04   2.1071580e+02   7.0200000e-01
   2.2511603e+04   1.4438478e+04   2.1882027e+02   6.9600000e-01
   2.2519657e+04   1.4439379e+04   2.2692474e+02   6.8800000e-01
   2.2527712e+04   1.4440280e+04   2.3502921e+02   6.7900000e-01
   2.2535766e+04   1.4441181e+04   2.4313367e+02   6.7000000e-01
   2.2543820e+04   1.4442080e+04   2.5123803e+02   6.6300000e-01
   2.2551874e+04   1.4442981e+04   2.5934249e+02   6.5800000e-01
   2.2559929e+04   1.4443882e+04   2.6744696e+02   6.5100000e-01
   2.2567983e+04   1.4444783e+04   2.7555143e+02   6.4400000e-01
   2.2576037e+04   1.4445684e+04   2.8365589e+02   6.3800000e-01
   2.2584091e+04   1.4446585e+04   2.9176036e+02   6.3100000e-01
   2.2592146e+04   1.4447486e+04   2.9986483e+02   6.2500000e-01
   2.2600200e+04   1.4448387e+04   3.0796930e+02   6.1900000e-01
   2.2608254e+04   1.4449288e+04   3.1607376e+02   6.1100000e-01
   2.2616308e+04   1.4450187e+04   3.2417812e+02   6.0500000e-01
   2.2624362e+04   1.4451088e+04   3.3228258e+02   5.9800000e-01
   2.2632417e+04   1.4451989e+04   3.4038705e+02   5.9000000e-01
   2.2640471e+04   1.4452890e+04   3.4849152e+02   5.8400000e-01
   2.2648525e+04   1.4453791e+04   3.5659598e+02   5.7700000e-01
   2.2656579e+04   1.4454692e+04   3.6470045e+02   5.7100000e-01
   2.2664634e+04   1.4455593e+04   3.7280492e+02   5.5800000e-01
   2.2672688e+04   1.4456494e+04   3.8090939e+02   5.5100000e-01
   2.2680742e+04   1.4457394e+04   3.8901385e+02   5.5100000e-01
   2.2688796e+04   1.4458294e+04   3.9711821e+02   5.7000000e-01
   2.2696851e+04   1.4459195e+04   4.0522267e+02   5.7300000e-01
   2.2704905e+04   1.4460096e+04   4.1332714e+02   5.4400000e-01
   2.2712959e+04   1.4460997e+04   4.2143161e+02   4.5600000e-01
   2.2721013e+04   1.4461898e+04   4.2953608e+02   2.6400000e-01
   2.2729068e+04   1.4462799e+04   4.3764054e+02  -1.7700000e-01
   2.2737122e+04   1.4463700e+04   4.4574501e+02  -5.2900000e-01
   2.2745176e+04   1.4464601e+04   4.5384948e+02  -5.5400000e-01
   2.2753230e+04   1.4465501e+04   4.6195394e+02  -5.0700000e-01
   2.2761285e+04   1.4466401e+04   4.7005830e+02  -4.4000000e-01
   2.2769339e+04   1.4467302e+04   4.7816276e+02  -3.5000000e-01
   2.2777393e+04   1.4468203e+04   4.8626723e+02  -4.3200000e-01
   2.2785447e+04   1.4469104e+04   4.9437170e+02  -5.1000000e-01
   2.2793502e+04   1.4470005e+04   5.0247617e+02  -5.3000000e-01
   2.2801556e+04   1.4470906e+04   5.1058063e+02  -5.2200000e-01
   2.2809610e+04   1.4471807e+04   5.1868510e+02  -5.1900000e-01
   2.2817664e+04   1.4472707e+04   5.2678957e+02  -4.6700000e-01
   2.2825718e+04   1.4473608e+04   5.3489403e+02  -5.2600000e-01
   2.2833773e+04   1.4474508e+04   5.4299839e+02  -5.6000000e-01
   2.2841827e+04   1.4475409e+04   5.5110285e+02  -5.5700000e-01
   2.2849881e+04   1.4476310e+04   5.5920732e+02  -6.0800000e-01
   2.2857935e+04   1.4477211e+04   5.6731179e+02  -6.7700000e-01
   2.2865990e+04   1.4478112e+04   5.7541626e+02  -7.0300000e-01
   2.2874044e+04   1.4479013e+04   5.8352072e+02  -5.4600000e-01
   2.2882098e+04   1.4479914e+04   5.9162519e+02  -6.3800000e-01
   2.2890152e+04   1.4480814e+04   5.9972966e+02  -7.7900000e-01
   2.2898207e+04   1.4481714e+04   6.0783401e+02  -6.3800000e-01
   2.2906261e+04   1.4482615e+04   6.1593848e+02  -7.0800000e-01
   2.2914315e+04   1.4483516e+04   6.2404295e+02  -7.9900000e-01
   2.2922369e+04   1.4484417e+04   6.3214741e+02  -6.0800000e-01
   2.2930424e+04   1.4485318e+04   6.4025188e+02  -6.3900000e-01
   2.2938478e+04   1.4486219e+04   6.4835635e+02  -7.5100000e-01
   2.2946532e+04   1.4487120e+04   6.5646081e+02  -7.1600000e-01
   2.2954586e+04   1.4488020e+04   6.6456528e+02  -7.5500000e-01
   2.2962641e+04   1.4488921e+04   6.7266975e+02  -8.1400000e-01
   2.2970695e+04   1.4489821e+04   6.8077410e+02  -8.3400000e-01
   2.2978749e+04   1.4490722e+04   6.8887857e+02  -8.8000000e-01
   2.2986803e+04   1.4491623e+04   6.9698304e+02  -9.0500000e-01
   2.2994858e+04   1.4492524e+04   7.0508750e+02  -9.6100000e-01
   2.3002912e+04   1.4493425e+04   7.1319197e+02  -9.9700000e-01
   2.3010966e+04   1.4494326e+04   7.2129644e+02  -1.0070000e+00
   2.3019020e+04   1.4495226e+04   7.2940090e+02  -1.0350000e+00
   2.3027075e+04   1.4496127e+04   7.3750537e+02  -1.0560000e+00
   2.3035129e+04   1.4497028e+04   7.4560984e+02  -1.1090000e+00
   2.3043183e+04   1.4497928e+04   7.5371419e+02  -1.1810000e+00
   2.3051237e+04   1.4498829e+04   7.6181866e+02  -1.1980000e+00
   2.3059291e+04   1.4499730e+04   7.6992313e+02  -1.2410000e+00
   2.3067346e+04   1.4500631e+04   7.7802759e+02  -1.2710000e+00
   2.3075400e+04   1.4501532e+04   7.8613206e+02  -1.2770000e+00
   2.3083454e+04   1.4502433e+04   7.9423653e+02  -1.3850000e+00
   2.3091508e+04   1.4503333e+04   8.0234099e+02  -1.9170000e+00
   2.3099563e+04   1.4504234e+04   8.1044546e+02  -2.6260000e+00
   2.3107617e+04   1.4505135e+04   8.1854993e+02  -3.7860000e+00
   2.3115671e+04   1.4506035e+04   8.2665428e+02  -4.2360000e+00
   2.3123725e+04   1.4506936e+04   8.3475875e+02  -3.7940000e+00
   2.3131780e+04   1.4507837e+04   8.4286322e+02  -3.9080000e+00
   2.3139834e+04   1.4508738e+04   8.5096768e+02  -4.3140000e+00
   2.3147888e+04   1.4509639e+04   8.5907215e+02  -3.7010000e+00
   2.3155942e+04   1.4510539e+04   8.6717662e+02  -2.9720000e+00
   2.3163997e+04   1.4511440e+04   8.7528109e+02  -2.2140000e+00
   2.3172051e+04   1.4512341e+04   8.8338555e+02  -1.5560000e+00
   2.3180105e+04   1.4513242e+04   8.9149002e+02  -1.2300000e+00
   2.3188159e+04   1.4514142e+04   8.9959437e+02  -8.2700000e-01
   2.3196214e+04   1.4515043e+04   9.0769884e+02  -3.8900000e-01
   2.3204268e+04   1.4515944e+04   9.1580331e+02  -4.0900000e-01
   2.3212322e+04   1.4516845e+04   9.2390777e+02  -3.8800000e-01
   2.3220376e+04   1.4517746e+04   9.3201224e+02  -3.4900000e-01
   2.3228431e+04   1.4518646e+04   9.4011671e+02  -3.9500000e-01
   2.3236485e+04   1.4519547e+04   9.4822118e+02  -3.4300000e-01
   2.3244539e+04   1.4520448e+04   9.5632564e+02  -3.4500000e-01
   2.3252593e+04   1.4521349e+04   9.6443011e+02  -1.9700000e-01
   2.3260648e+04   1.4522249e+04   9.7253446e+02   9.1300000e-01
   2.3268702e+04   1.4523150e+04   9.8063893e+02   1.4470000e+00
   2.3276756e+04   1.4524051e+04   9.8874340e+02   1.7760000e+00
   2.3284810e+04   1.4524952e+04   9.9684786e+02   2.0430000e+00
   2.3292864e+04   1.4525852e+04   1.0049523e+03   2.3400000e+00
   2.3300919e+04   1.4526753e+04   1.0130568e+03   2.6800000e+00
   2.3308973e+04   1.4527654e+04   1.0211613e+03   3.0180000e+00
   2.3317027e+04   1.4528555e+04   1.0292657e+03   3.2930000e+00
   2.3325081e+04   1.4529455e+04   1.0373701e+03   3.5690000e+00
   2.3333136e+04   1.4530356e+04   1.0454746e+03   3.8280000e+00
   2.3341190e+04   1.4531257e+04   1.0535790e+03   4.0570000e+00
   2.3349244e+04   1.4532158e+04   1.0616835e+03   4.3450000e+00
   2.3357298e+04   1.4533059e+04   1.0697880e+03   4.6360000e+00
   2.3365353e+04   1.4533959e+04   1.0778924e+03   4.8690000e+00
   2.3373407e+04   1.4534860e+04   1.0859969e+03   5.0540000e+00
   2.3381461e+04   1.4535761e+04   1.0941014e+03   5.2090000e+00
   2.3389515e+04   1.4536662e+04   1.1022058e+03   5.3650000e+00
   2.3397570e+04   1.4537562e+04   1.1103102e+03   5.5200000e+00
   2.3405624e+04   1.4538463e+04   1.1184146e+03   5.6680000e+00
   2.3413678e+04   1.4539364e+04   1.1265191e+03   5.8150000e+00
   2.3421732e+04   1.4540265e+04   1.1346236e+03   5.9570000e+00
   2.3429787e+04   1.4541165e+04   1.1427280e+03   6.0920000e+00
   2.3437841e+04   1.4542066e+04   1.1508325e+03   6.2200000e+00
   2.3445895e+04   1.4542967e+04   1.1589370e+03   6.3520000e+00
   2.3453949e+04   1.4543868e+04   1.1670414e+03   6.4920000e+00
   2.3462004e+04   1.4544769e+04   1.1751459e+03   6.6510000e+00
   2.3470058e+04   1.4545669e+04   1.1832503e+03   6.7810000e+00
   2.3478112e+04   1.4546570e+04   1.1913547e+03   6.8370000e+00
   2.3486166e+04   1.4547471e+04   1.1994592e+03   6.9070000e+00
   2.3494220e+04   1.4548371e+04   1.2075637e+03   6.9780000e+00
   2.3502275e+04   1.4549272e+04   1.2156681e+03   7.0490000e+00
   2.3510329e+04   1.4550173e+04   1.2237726e+03   7.1160000e+00
   2.3518383e+04   1.4551074e+04   1.2318771e+03   7.1800000e+00
   2.3526437e+04   1.4551975e+04   1.2399815e+03   7.2450000e+00
   2.3534492e+04   1.4552876e+04   1.2480860e+03   7.3060000e+00
   2.3542546e+04   1.4553776e+04   1.2561904e+03   7.3670000e+00
   2.3550600e+04   1.4554677e+04   1.2642948e+03   7.4310000e+00
   2.3558654e+04   1.4555578e+04   1.2723993e+03   7.4970000e+00
   2.3566709e+04   1.4556478e+04   1.2805038e+03   7.5570000e+00
   2.3574763e+04   1.4557379e+04   1.2886082e+03   7.6040000e+00
   2.3582817e+04   1.4558280e+04   1.2967127e+03   7.6380000e+00
   2.3590871e+04   1.4559181e+04   1.3048172e+03   7.7050000e+00
   2.3598926e+04   1.4560082e+04   1.3129216e+03   7.7830000e+00
   2.3606980e+04   1.4560983e+04   1.3210261e+03   7.8500000e+00
   2.3615034e+04   1.4561883e+04   1.3291304e+03   7.9080000e+00
   2.3623088e+04   1.4562784e+04   1.3372349e+03   7.9630000e+00
   2.3631143e+04   1.4563684e+04   1.3453394e+03   8.0180000e+00
   2.3639197e+04   1.4564585e+04   1.3534438e+03   8.0730000e+00
   2.3647251e+04   1.4565486e+04   1.3615483e+03   8.1300000e+00
   2.3655305e+04   1.4566387e+04   1.3696528e+03   8.1860000e+00
   2.3663360e+04   1.4567288e+04   1.3777573e+03   8.2410000e+00
   2.3671414e+04   1.4568189e+04   1.3858617e+03   8.2970000e+00
   2.3679468e+04   1.4569090e+04   1.3939662e+03   8.3490000e+00
   2.3687522e+04   1.4569990e+04   1.4020705e+03   8.3980000e+00
   2.3695577e+04   1.4570891e+04   1.4101750e+03   8.4410000e+00
   2.3703631e+04   1.4571791e+04   1.4182795e+03   8.4800000e+00
   2.3711685e+04   1.4572692e+04   1.4263839e+03   8.5160000e+00
   2.3719739e+04   1.4573593e+04   1.4344884e+03   8.5510000e+00
   2.3727793e+04   1.4574494e+04   1.4425929e+03   8.5840000e+00
   2.3735848e+04   1.4575395e+04   1.4506973e+03   8.6160000e+00
   2.3743902e+04   1.4576296e+04   1.4588018e+03   8.6500000e+00
   2.3751956e+04   1.4577196e+04   1.4669062e+03   8.6840000e+00
   2.3760010e+04   1.4578097e+04   1.4750106e+03   8.7200000e+00
   2.3768065e+04   1.4578997e+04   1.4831151e+03   8.7610000e+00
   2.3776119e+04   1.4579898e+04   1.4912196e+03   8.7970000e+00
   2.3784173e+04   1.4580799e+04   1.4993240e+03   8.8370000e+00
   2.3792227e+04   1.4581700e+04   1.5074285e+03   8.8810000e+00
   2.3800282e+04   1.4582601e+04   1.5155330e+03   8.9240000e+00
   2.3808336e+04   1.4583502e+04   1.5236374e+03   8.9690000e+00
   2.3816390e+04   1.4584403e+04   1.5317419e+03   9.0120000e+00
   2.3824444e+04   1.4585303e+04   1.5398463e+03   9.0380000e+00
   2.3832499e+04   1.4586204e+04   1.5479507e+03   9.0640000e+00
   2.3840553e+04   1.4587104e+04   1.5560552e+03   9.0910000e+00
   2.3848607e+04   1.4588005e+04   1.5641597e+03   9.1200000e+00
   2.3856661e+04   1.4588906e+04   1.5722641e+03   9.1530000e+00
   2.3864716e+04   1.4589807e+04   1.5803686e+03   9.1920000e+00
   2.3872770e+04   1.4590708e+04   1.5884731e+03   9.2400000e+00
   2.3880824e+04   1.4591609e+04   1.5965775e+03   9.2930000e+00
   2.3888878e+04   1.4592510e+04   1.6046820e+03   9.3510000e+00
   2.3896933e+04   1.4593410e+04   1.6127863e+03   9.4090000e+00
   2.3904987e+04   1.4594310e+04   1.6208908e+03   9.4720000e+00
   2.3913041e+04   1.4595211e+04   1.6289953e+03   9.5440000e+00
   2.3921095e+04   1.4596112e+04   1.6370997e+03   9.6190000e+00
   2.3929149e+04   1.4597013e+04   1.6452042e+03   9.6740000e+00
   2.3937204e+04   1.4597914e+04   1.6533087e+03   9.6900000e+00
   2.3945258e+04   1.4598815e+04   1.6614131e+03   9.6730000e+00
   2.3953312e+04   1.4599716e+04   1.6695176e+03   9.6360000e+00
   2.3961366e+04   1.4600617e+04   1.6776221e+03   9.5880000e+00
   2.3969421e+04   1.4601516e+04   1.6857264e+03   9.5460000e+00
   2.3977475e+04   1.4602417e+04   1.6938309e+03   9.5090000e+00
   2.3985529e+04   1.4603318e+04   1.7019354e+03   9.4780000e+00
   2.3993583e+04   1.4604219e+04   1.7100398e+03   9.4550000e+00
   2.4001638e+04   1.4605120e+04   1.7181443e+03   9.4350000e+00
   2.4009692e+04   1.4606021e+04   1.7262488e+03   9.4180000e+00
   2.4017746e+04   1.4606922e+04   1.7343532e+03   9.4040000e+00
   2.4025800e+04   1.4607823e+04   1.7424577e+03   9.3850000e+00
   2.4033855e+04   1.4608724e+04   1.7505622e+03   9.3620000e+00
   2.4041909e+04   1.4609623e+04   1.7586665e+03   9.3310000e+00
   2.4049963e+04   1.4610524e+04   1.7667710e+03   9.3000000e+00
   2.4058017e+04   1.4611425e+04   1.7748755e+03   9.2670000e+00
   2.4066072e+04   1.4612326e+04   1.7829799e+03   9.2230000e+00
   2.4074126e+04   1.4613227e+04   1.7910844e+03   9.1690000e+00
   2.4082180e+04   1.4614128e+04   1.7991889e+03   9.1060000e+00
   2.4090234e+04   1.4615029e+04   1.8072933e+03   9.0380000e+00
   2.4098289e+04   1.4615930e+04   1.8153978e+03   8.9640000e+00
   2.4106343e+04   1.4616829e+04   1.8235021e+03   8.8860000e+00
   2.4114397e+04   1.4617730e+04   1.8316066e+03   8.8050000e+00
   2.4122451e+04   1.4618631e+04   1.8397111e+03   8.7200000e+00
   2.4130506e+04   1.4619532e+04   1.8478155e+03   8.6300000e+00
   2.4138560e+04   1.4620433e+04   1.8559200e+03   8.5360000e+00
   2.4146614e+04   1.4621334e+04   1.8640245e+03   8.4450000e+00
   2.4154668e+04   1.4622235e+04   1.8721289e+03   8.3760000e+00
   2.4162722e+04   1.4623136e+04   1.8802334e+03   8.3490000e+00
   2.4170777e+04   1.4624037e+04   1.8883379e+03   8.3370000e+00
   2.4178831e+04   1.4624936e+04   1.8964422e+03   8.3270000e+00
   2.4186885e+04   1.4625837e+04   1.9045467e+03   8.3120000e+00
   2.4194939e+04   1.4626738e+04   1.9126512e+03   8.2860000e+00
   2.4202994e+04   1.4627639e+04   1.9207556e+03   8.2520000e+00
   2.4211048e+04   1.4628540e+04   1.9288601e+03   8.2100000e+00
   2.4219102e+04   1.4629441e+04   1.9369646e+03   8.1630000e+00
   2.4227156e+04   1.4630342e+04   1.9450690e+03   8.1130000e+00
   2.4235211e+04   1.4631243e+04   1.9531735e+03   8.0620000e+00
   2.4243265e+04   1.4632143e+04   1.9612780e+03   8.0100000e+00
   2.4251319e+04   1.4633043e+04   1.9693823e+03   7.9590000e+00
   2.4259373e+04   1.4633944e+04   1.9774868e+03   7.9050000e+00
   2.4267428e+04   1.4634845e+04   1.9855913e+03   7.8740000e+00
   2.4275482e+04   1.4635746e+04   1.9936957e+03   7.8820000e+00
   2.4283536e+04   1.4636647e+04   2.0018002e+03   7.9300000e+00
   2.4291590e+04   1.4637548e+04   2.0099047e+03   8.0110000e+00
   2.4299645e+04   1.4638449e+04   2.0180091e+03   8.1120000e+00
   2.4307699e+04   1.4639350e+04   2.0261136e+03   8.2030000e+00
   2.4315753e+04   1.4640250e+04   2.0342181e+03   8.2970000e+00
   2.4323807e+04   1.4641150e+04   2.0423224e+03   8.3970000e+00
   2.4331862e+04   1.4642051e+04   2.0504269e+03   8.4960000e+00
   2.4339916e+04   1.4642952e+04   2.0585314e+03   8.5990000e+00
   2.4347970e+04   1.4643853e+04   2.0666358e+03   8.7030000e+00
   2.4356024e+04   1.4644754e+04   2.0747403e+03   8.8030000e+00
   2.4364078e+04   1.4645655e+04   2.0828448e+03   8.9010000e+00
   2.4372133e+04   1.4646556e+04   2.0909492e+03   8.9940000e+00
   2.4380187e+04   1.4647456e+04   2.0990537e+03   9.0950000e+00
   2.4388241e+04   1.4648357e+04   2.1071582e+03   9.1650000e+00
   2.4396295e+04   1.4649257e+04   2.1152625e+03   9.2010000e+00
   2.4404350e+04   1.4650158e+04   2.1233670e+03   9.2060000e+00
   2.4412404e+04   1.4651059e+04   2.1314714e+03   9.1930000e+00
   2.4420458e+04   1.4651960e+04   2.1395759e+03   9.1860000e+00
   2.4428512e+04   1.4652861e+04   2.1476804e+03   9.2110000e+00
   2.4436567e+04   1.4653762e+04   2.1557848e+03   9.2650000e+00
   2.4444621e+04   1.4654663e+04   2.1638893e+03   9.3410000e+00
   2.4452675e+04   1.4655563e+04   2.1719938e+03   9.4340000e+00
   2.4460729e+04   1.4656464e+04   2.1800982e+03   9.5390000e+00
   2.4468784e+04   1.4657364e+04   2.1882026e+03   9.6520000e+00
   2.4476838e+04   1.4658265e+04   2.1963071e+03   9.7710000e+00
   2.4484892e+04   1.4659166e+04   2.2044115e+03   9.8950000e+00
   2.4492946e+04   1.4660067e+04   2.2125160e+03   1.0020000e+01
   2.4501001e+04   1.4660968e+04   2.2206205e+03   1.0141000e+01
   2.4509055e+04   1.4661869e+04   2.2287249e+03   1.0258000e+01
   2.4517109e+04   1.4662769e+04   2.2368294e+03   1.0369000e+01
   2.4525163e+04   1.4663670e+04   2.2449339e+03   1.0466000e+01
   2.4533218e+04   1.4664570e+04   2.2530382e+03   1.0552000e+01
   2.4541272e+04   1.4665471e+04   2.2611427e+03   1.0632000e+01
   2.4549326e+04   1.4666372e+04   2.2692472e+03   1.0710000e+01
   2.4557380e+04   1.4667273e+04   2.2773516e+03   1.0786000e+01
   2.4565435e+04   1.4668174e+04   2.2854561e+03   1.0863000e+01
   2.4573489e+04   1.4669075e+04   2.2935606e+03   1.0937000e+01
   2.4581543e+04   1.4669976e+04   2.3016650e+03   1.1008000e+01
   2.4589597e+04   1.4670876e+04   2.3097695e+03   1.1074000e+01
   2.4597651e+04   1.4671777e+04   2.3178740e+03   1.1124000e+01
   2.4605706e+04   1.4672677e+04   2.3259783e+03   1.1167000e+01
   2.4613760e+04   1.4673578e+04   2.3340828e+03   1.1203000e+01
   2.4621814e+04   1.4674479e+04   2.3421872e+03   1.1234000e+01
   2.4629868e+04   1.4675380e+04   2.3502917e+03   1.1260000e+01
   2.4637923e+04   1.4676281e+04   2.3583962e+03   1.1280000e+01
   2.4645977e+04   1.4677182e+04   2.3665006e+03   1.1291000e+01
   2.4654031e+04   1.4678082e+04   2.3746051e+03   1.1300000e+01
   2.4662085e+04   1.4678983e+04   2.3827096e+03   1.1307000e+01
   2.4670140e+04   1.4679884e+04   2.3908140e+03   1.1318000e+01
   2.4678194e+04   1.4680784e+04   2.3989184e+03   1.1331000e+01
   2.4686248e+04   1.4681685e+04   2.4070229e+03   1.1344000e+01
   2.4694302e+04   1.4682586e+04   2.4151273e+03   1.1357000e+01
