   2.2487440e+04   1.1325409e+04   0.0000000e+00   4.6100000e-01
   2.2495495e+04   1.1326310e+04   8.1044672e+00   5.5300000e-01
   2.2503549e+04   1.1327211e+04   1.6208934e+01   5.6600000e-01
   2.2511603e+04   1.1328112e+04   2.4313402e+01   5.4700000e-01
   2.2519657e+04   1.1329013e+04   3.2417869e+01   5.2200000e-01
   2.2527712e+04   1.1329913e+04   4.0522222e+01   5.1600000e-01
   2.2535766e+04   1.1330813e+04   4.8626689e+01   5.2700000e-01
   2.2543820e+04   1.1331714e+04   5.6731156e+01   5.1600000e-01
   2.2551874e+04   1.1332615e+04   6.4835623e+01   5.0800000e-01
   2.2559929e+04   1.1333516e+04   7.2940090e+01   5.1000000e-01
   2.2567983e+04   1.1334417e+04   8.1044558e+01   5.4200000e-01
   2.2576037e+04   1.1335318e+04   8.9149025e+01   5.4700000e-01
   2.2584091e+04   1.1336219e+04   9.7253492e+01   5.0800000e-01
   2.2592146e+04   1.1337120e+04   1.0535796e+02   4.2100000e-01
   2.2600200e+04   1.1338020e+04   1.1346231e+02   3.2600000e-01
   2.2608254e+04   1.1338920e+04   1.2156678e+02   2.5500000e-01
   2.2616308e+04   1.1339821e+04   1.2967125e+02   2.3800000e-01
   2.2624362e+04   1.1340722e+04   1.3777571e+02   3.1300000e-01
   2.2632417e+04   1.1341623e+04   1.4588018e+02   3.2900000e-01
   2.2640471e+04   1.1342524e+04   1.5398465e+02   1.2500000e-01
   2.2648525e+04   1.1343425e+04   1.6208912e+02  -1.3900000e-01
   2.2656579e+04   1.1344326e+04   1.7019358e+02  -3.4300000e-01
   2.2664634e+04   1.1345227e+04   1.7829805e+02  -3.7800000e-01
   2.2672688e+04   1.1346126e+04   1.8640240e+02  -3.1000000e-01
   2.2680742e+04   1.1347027e+04   1.9450687e+02  -3.1900000e-01
   2.2688796e+04   1.1347928e+04   2.0261134e+02  -3.1100000e-01
   2.2696851e+04   1.1348829e+04   2.1071580e+02  -1.5500000e-01
   2.2704905e+04   1.1349730e+04   2.1882027e+02   5.6000000e-02
   2.2712959e+04   1.1350631e+04   2.2692474e+02   2.6300000e-01
   2.2721013e+04   1.1351532e+04   2.3502921e+02   4.2400000e-01
   2.2729068e+04   1.1352433e+04   2.4313367e+02   5.2400000e-01
   2.2737122e+04   1.1353333e+04   2.5123803e+02   5.6300000e-01
   2.2745176e+04   1.1354233e+04   2.5934249e+02   5.4500000e-01
   2.2753230e+04   1.1355134e+04   2.6744696e+02   4.7000000e-01
   2.2761285e+04   1.1356035e+04   2.7555143e+02   3.4400000e-01
   2.2769339e+04   1.1356936e+04   2.8365589e+02   1.8000000e-01
   2.2777393e+04   1.1357837e+04   2.9176036e+02   0.0000000e+00
   2.2785447e+04   1.1358738e+04   2.9986483e+02  -1.7400000e-01
   2.2793502e+04   1.1359639e+04   3.0796930e+02  -3.0300000e-01
   2.2801556e+04   1.1360540e+04   3.1607376e+02  -3.1300000e-01
   2.2809610e+04   1.1361439e+04   3.2417812e+02  -3.1200000e-01
   2.2817664e+04   1.1362340e+04   3.3228258e+02  -3.0700000e-01
   2.2825718e+04   1.1363241e+04   3.4038705e+02  -3.1300000e-01
   2.2833773e+04   1.1364142e+04   3.4849152e+02  -3.5200000e-01
   2.2841827e+04   1.1365043e+04   3.5659598e+02  -3.6000000e-01
   2.2849881e+04   1.1365944e+04   3.6470045e+02  -4.3800000e-01
   2.2857935e+04   1.1366845e+04   3.7280492e+02  -5.1400000e-01
   2.2865990e+04   1.1367746e+04   3.8090939e+02  -5.1600000e-01
   2.2874044e+04   1.1368647e+04   3.8901385e+02  -5.5100000e-01
   2.2882098e+04   1.1369546e+04   3.9711821e+02  -5.7800000e-01
   2.2890152e+04   1.1370447e+04   4.0522267e+02  -5.6500000e-01
   2.2898207e+04   1.1371348e+04   4.1332714e+02  -5.7800000e-01
   2.2906261e+04   1.1372249e+04   4.2143161e+02  -5.8700000e-01
   2.2914315e+04   1.1373150e+04   4.2953608e+02  -5.8500000e-01
   2.2922369e+04   1.1374051e+04   4.3764054e+02  -5.8400000e-01
   2.2930424e+04   1.1374952e+04   4.4574501e+02  -5.7300000e-01
   2.2938478e+04   1.1375853e+04   4.5384948e+02  -5.7500000e-01
   2.2946532e+04   1.1376753e+04   4.6195394e+02  -6.1600000e-01
   2.2954586e+04   1.1377653e+04   4.7005830e+02  -4.6400000e-01
   2.2962641e+04   1.1378554e+04   4.7816276e+02  -3.6200000e-01
   2.2970695e+04   1.1379455e+04   4.8626723e+02  -3.2100000e-01
   2.2978749e+04   1.1380356e+04   4.9437170e+02  -3.5100000e-01
   2.2986803e+04   1.1381257e+04   5.0247617e+02  -3.5000000e-01
   2.2994858e+04   1.1382158e+04   5.1058063e+02  -4.3800000e-01
   2.3002912e+04   1.1383059e+04   5.1868510e+02  -7.1400000e-01
   2.3010966e+04   1.1383960e+04   5.2678957e+02  -9.1700000e-01
   2.3019020e+04   1.1384860e+04   5.3489403e+02  -9.1500000e-01
   2.3027075e+04   1.1385760e+04   5.4299839e+02  -8.4400000e-01
   2.3035129e+04   1.1386661e+04   5.5110285e+02  -8.4400000e-01
   2.3043183e+04   1.1387562e+04   5.5920732e+02  -9.2200000e-01
   2.3051237e+04   1.1388463e+04   5.6731179e+02  -1.0240000e+00
   2.3059291e+04   1.1389364e+04   5.7541626e+02  -1.0120000e+00
   2.3067346e+04   1.1390265e+04   5.8352072e+02  -1.0150000e+00
   2.3075400e+04   1.1391166e+04   5.9162519e+02  -1.1300000e+00
   2.3083454e+04   1.1392066e+04   5.9972966e+02  -1.3600000e+00
   2.3091508e+04   1.1392966e+04   6.0783401e+02  -1.2960000e+00
   2.3099563e+04   1.1393867e+04   6.1593848e+02  -1.1640000e+00
   2.3107617e+04   1.1394768e+04   6.2404295e+02  -1.5370000e+00
   2.3115671e+04   1.1395669e+04   6.3214741e+02  -1.4370000e+00
   2.3123725e+04   1.1396570e+04   6.4025188e+02  -1.2220000e+00
   2.3131780e+04   1.1397471e+04   6.4835635e+02  -1.6580000e+00
   2.3139834e+04   1.1398372e+04   6.5646081e+02  -1.8450000e+00
   2.3147888e+04   1.1399272e+04   6.6456528e+02  -1.8990000e+00
   2.3155942e+04   1.1400173e+04   6.7266975e+02  -1.9540000e+00
   2.3163997e+04   1.1401073e+04   6.8077410e+02  -2.2590000e+00
   2.3172051e+04   1.1401974e+04   6.8887857e+02  -2.8580000e+00
   2.3180105e+04   1.1402875e+04   6.9698304e+02  -3.5570000e+00
   2.3188159e+04   1.1403776e+04   7.0508750e+02  -3.8580000e+00
   2.3196214e+04   1.1404677e+04   7.1319197e+02  -3.6280000e+00
   2.3204268e+04   1.1405578e+04   7.2129644e+02  -3.4350000e+00
   2.3212322e+04   1.1406479e+04   7.2940090e+02  -2.9200000e+00
   2.3220376e+04   1.1407379e+04   7.3750537e+02  -2.4790000e+00
   2.3228431e+04   1.1408280e+04   7.4560984e+02  -2.4830000e+00
   2.3236485e+04   1.1409180e+04   7.5371419e+02  -2.6550000e+00
   2.3244539e+04   1.1410081e+04   7.6181866e+02  -3.4190000e+00
   2.3252593e+04   1.1410982e+04   7.6992313e+02  -4.0430000e+00
   2.3260648e+04   1.1411883e+04   7.7802759e+02  -4.0660000e+00
   2.3268702e+04   1.1412784e+04   7.8613206e+02  -4.0040000e+00
   2.3276756e+04   1.1413685e+04   7.9423653e+02  -3.6320000e+00
   2.3284810e+04   1.1414585e+04   8.0234099e+02  -2.6730000e+00
   2.3292864e+04   1.1415486e+04   8.1044546e+02  -2.0890000e+00
   2.3300919e+04   1.1416387e+04   8.1854993e+02  -1.7940000e+00
   2.3308973e+04   1.1417287e+04   8.2665428e+02  -1.6290000e+00
   2.3317027e+04   1.1418188e+04   8.3475875e+02  -1.3950000e+00
   2.3325081e+04   1.1419089e+04   8.4286322e+02  -9.1100000e-01
   2.3333136e+04   1.1419990e+04   8.5096768e+02  -5.3000000e-01
   2.3341190e+04   1.1420891e+04   8.5907215e+02  -3.5800000e-01
   2.3349244e+04   1.1421792e+04   8.6717662e+02  -4.3200000e-01
   2.3357298e+04   1.1422692e+04   8.7528109e+02  -4.0900000e-01
   2.3365353e+04   1.1423593e+04   8.8338555e+02   1.8000000e-02
   2.3373407e+04   1.1424494e+04   8.9149002e+02   7.9000000e-01
   2.3381461e+04   1.1425394e+04   8.9959437e+02   1.6570000e+00
   2.3389515e+04   1.1426295e+04   9.0769884e+02   2.1240000e+00
   2.3397570e+04   1.1427196e+04   9.1580331e+02   2.3740000e+00
   2.3405624e+04   1.1428097e+04   9.2390777e+02   2.5020000e+00
   2.3413678e+04   1.1428998e+04   9.3201224e+02   2.6340000e+00
   2.3421732e+04   1.1429898e+04   9.4011671e+02   2.7980000e+00
   2.3429787e+04   1.1430799e+04   9.4822118e+02   3.0100000e+00
   2.3437841e+04   1.1431700e+04   9.5632564e+02   3.1400000e+00
   2.3445895e+04   1.1432601e+04   9.6443011e+02   3.3920000e+00
   2.3453949e+04   1.1433501e+04   9.7253446e+02   3.7020000e+00
   2.3462004e+04   1.1434402e+04   9.8063893e+02   3.9520000e+00
   2.3470058e+04   1.1435303e+04   9.8874340e+02   4.1730000e+00
   2.3478112e+04   1.1436204e+04   9.9684786e+02   4.3820000e+00
   2.3486166e+04   1.1437104e+04   1.0049523e+03   4.5910000e+00
   2.3494220e+04   1.1438005e+04   1.0130568e+03   4.8010000e+00
   2.3502275e+04   1.1438906e+04   1.0211613e+03   5.0120000e+00
   2.3510329e+04   1.1439807e+04   1.0292657e+03   5.2190000e+00
   2.3518383e+04   1.1440707e+04   1.0373701e+03   5.4250000e+00
   2.3526437e+04   1.1441608e+04   1.0454746e+03   5.6290000e+00
   2.3534492e+04   1.1442509e+04   1.0535790e+03   5.8280000e+00
   2.3542546e+04   1.1443410e+04   1.0616835e+03   6.0240000e+00
   2.3550600e+04   1.1444311e+04   1.0697880e+03   6.2120000e+00
   2.3558654e+04   1.1445211e+04   1.0778924e+03   6.3890000e+00
   2.3566709e+04   1.1446112e+04   1.0859969e+03   6.5410000e+00
   2.3574763e+04   1.1447013e+04   1.0941014e+03   6.6490000e+00
   2.3582817e+04   1.1447914e+04   1.1022058e+03   6.7130000e+00
   2.3590871e+04   1.1448814e+04   1.1103102e+03   6.7640000e+00
   2.3598926e+04   1.1449715e+04   1.1184146e+03   6.8020000e+00
   2.3606980e+04   1.1450616e+04   1.1265191e+03   6.8280000e+00
   2.3615034e+04   1.1451517e+04   1.1346236e+03   6.8480000e+00
   2.3623088e+04   1.1452417e+04   1.1427280e+03   6.8650000e+00
   2.3631143e+04   1.1453318e+04   1.1508325e+03   6.8800000e+00
   2.3639197e+04   1.1454219e+04   1.1589370e+03   6.9040000e+00
   2.3647251e+04   1.1455120e+04   1.1670414e+03   6.9420000e+00
   2.3655305e+04   1.1456021e+04   1.1751459e+03   6.9890000e+00
   2.3663360e+04   1.1456921e+04   1.1832503e+03   7.0480000e+00
   2.3671414e+04   1.1457822e+04   1.1913547e+03   7.1150000e+00
   2.3679468e+04   1.1458723e+04   1.1994592e+03   7.1800000e+00
   2.3687522e+04   1.1459624e+04   1.2075637e+03   7.2470000e+00
   2.3695577e+04   1.1460524e+04   1.2156681e+03   7.3150000e+00
   2.3703631e+04   1.1461425e+04   1.2237726e+03   7.3760000e+00
   2.3711685e+04   1.1462326e+04   1.2318771e+03   7.4390000e+00
   2.3719739e+04   1.1463227e+04   1.2399815e+03   7.5010000e+00
   2.3727793e+04   1.1464128e+04   1.2480860e+03   7.5650000e+00
   2.3735848e+04   1.1465028e+04   1.2561904e+03   7.6290000e+00
   2.3743902e+04   1.1465929e+04   1.2642948e+03   7.6930000e+00
   2.3751956e+04   1.1466830e+04   1.2723993e+03   7.7560000e+00
   2.3760010e+04   1.1467730e+04   1.2805038e+03   7.8180000e+00
   2.3768065e+04   1.1468631e+04   1.2886082e+03   7.8790000e+00
   2.3776119e+04   1.1469532e+04   1.2967127e+03   7.9400000e+00
   2.3784173e+04   1.1470433e+04   1.3048172e+03   8.0000000e+00
   2.3792227e+04   1.1471334e+04   1.3129216e+03   8.0600000e+00
   2.3800282e+04   1.1472235e+04   1.3210261e+03   8.1170000e+00
   2.3808336e+04   1.1473135e+04   1.3291304e+03   8.1720000e+00
   2.3816390e+04   1.1474036e+04   1.3372349e+03   8.2230000e+00
   2.3824444e+04   1.1474937e+04   1.3453394e+03   8.2710000e+00
   2.3832499e+04   1.1475837e+04   1.3534438e+03   8.3160000e+00
   2.3840553e+04   1.1476738e+04   1.3615483e+03   8.3560000e+00
   2.3848607e+04   1.1477639e+04   1.3696528e+03   8.3900000e+00
   2.3856661e+04   1.1478540e+04   1.3777573e+03   8.4150000e+00
   2.3864716e+04   1.1479441e+04   1.3858617e+03   8.4250000e+00
   2.3872770e+04   1.1480342e+04   1.3939662e+03   8.4250000e+00
   2.3880824e+04   1.1481242e+04   1.4020705e+03   8.4120000e+00
   2.3888878e+04   1.1482143e+04   1.4101750e+03   8.3910000e+00
   2.3896933e+04   1.1483043e+04   1.4182795e+03   8.3660000e+00
   2.3904987e+04   1.1483944e+04   1.4263839e+03   8.3380000e+00
   2.3913041e+04   1.1484845e+04   1.4344884e+03   8.3050000e+00
   2.3921095e+04   1.1485746e+04   1.4425929e+03   8.2690000e+00
   2.3929149e+04   1.1486647e+04   1.4506973e+03   8.2410000e+00
   2.3937204e+04   1.1487548e+04   1.4588018e+03   8.2310000e+00
   2.3945258e+04   1.1488448e+04   1.4669062e+03   8.2320000e+00
   2.3953312e+04   1.1489349e+04   1.4750106e+03   8.2400000e+00
   2.3961366e+04   1.1490249e+04   1.4831151e+03   8.2510000e+00
   2.3969421e+04   1.1491150e+04   1.4912196e+03   8.2660000e+00
   2.3977475e+04   1.1492051e+04   1.4993240e+03   8.2820000e+00
   2.3985529e+04   1.1492952e+04   1.5074285e+03   8.2970000e+00
   2.3993583e+04   1.1493853e+04   1.5155330e+03   8.3110000e+00
   2.4001638e+04   1.1494754e+04   1.5236374e+03   8.3280000e+00
   2.4009692e+04   1.1495655e+04   1.5317419e+03   8.3450000e+00
   2.4017746e+04   1.1496555e+04   1.5398463e+03   8.3650000e+00
   2.4025800e+04   1.1497456e+04   1.5479507e+03   8.3860000e+00
   2.4033855e+04   1.1498356e+04   1.5560552e+03   8.4080000e+00
   2.4041909e+04   1.1499257e+04   1.5641597e+03   8.4290000e+00
   2.4049963e+04   1.1500158e+04   1.5722641e+03   8.4490000e+00
   2.4058017e+04   1.1501059e+04   1.5803686e+03   8.4690000e+00
   2.4066072e+04   1.1501960e+04   1.5884731e+03   8.4860000e+00
   2.4074126e+04   1.1502861e+04   1.5965775e+03   8.5010000e+00
   2.4082180e+04   1.1503762e+04   1.6046820e+03   8.5150000e+00
   2.4090234e+04   1.1504662e+04   1.6127863e+03   8.5310000e+00
   2.4098289e+04   1.1505562e+04   1.6208908e+03   8.5450000e+00
   2.4106343e+04   1.1506463e+04   1.6289953e+03   8.5560000e+00
   2.4114397e+04   1.1507364e+04   1.6370997e+03   8.5650000e+00
   2.4122451e+04   1.1508265e+04   1.6452042e+03   8.5710000e+00
   2.4130506e+04   1.1509166e+04   1.6533087e+03   8.5740000e+00
   2.4138560e+04   1.1510067e+04   1.6614131e+03   8.5760000e+00
   2.4146614e+04   1.1510968e+04   1.6695176e+03   8.5780000e+00
   2.4154668e+04   1.1511869e+04   1.6776221e+03   8.5780000e+00
   2.4162722e+04   1.1512769e+04   1.6857264e+03   8.5780000e+00
   2.4170777e+04   1.1513669e+04   1.6938309e+03   8.5760000e+00
   2.4178831e+04   1.1514570e+04   1.7019354e+03   8.5740000e+00
   2.4186885e+04   1.1515471e+04   1.7100398e+03   8.5730000e+00
   2.4194939e+04   1.1516372e+04   1.7181443e+03   8.5730000e+00
   2.4202994e+04   1.1517273e+04   1.7262488e+03   8.5760000e+00
   2.4211048e+04   1.1518174e+04   1.7343532e+03   8.5810000e+00
   2.4219102e+04   1.1519075e+04   1.7424577e+03   8.5890000e+00
   2.4227156e+04   1.1519976e+04   1.7505622e+03   8.6000000e+00
   2.4235211e+04   1.1520875e+04   1.7586665e+03   8.6140000e+00
   2.4243265e+04   1.1521776e+04   1.7667710e+03   8.6280000e+00
   2.4251319e+04   1.1522677e+04   1.7748755e+03   8.6300000e+00
   2.4259373e+04   1.1523578e+04   1.7829799e+03   8.6210000e+00
   2.4267428e+04   1.1524479e+04   1.7910844e+03   8.6040000e+00
   2.4275482e+04   1.1525380e+04   1.7991889e+03   8.5830000e+00
   2.4283536e+04   1.1526281e+04   1.8072933e+03   8.5680000e+00
   2.4291590e+04   1.1527182e+04   1.8153978e+03   8.5540000e+00
   2.4299645e+04   1.1528082e+04   1.8235021e+03   8.5440000e+00
   2.4307699e+04   1.1528982e+04   1.8316066e+03   8.5370000e+00
   2.4315753e+04   1.1529883e+04   1.8397111e+03   8.5330000e+00
   2.4323807e+04   1.1530784e+04   1.8478155e+03   8.5320000e+00
   2.4331862e+04   1.1531685e+04   1.8559200e+03   8.5350000e+00
   2.4339916e+04   1.1532586e+04   1.8640245e+03   8.5430000e+00
   2.4347970e+04   1.1533487e+04   1.8721289e+03   8.5520000e+00
   2.4356024e+04   1.1534388e+04   1.8802334e+03   8.5600000e+00
   2.4364078e+04   1.1535289e+04   1.8883379e+03   8.5660000e+00
   2.4372133e+04   1.1536188e+04   1.8964422e+03   8.5730000e+00
   2.4380187e+04   1.1537089e+04   1.9045467e+03   8.5780000e+00
   2.4388241e+04   1.1537990e+04   1.9126512e+03   8.5800000e+00
   2.4396295e+04   1.1538891e+04   1.9207556e+03   8.5800000e+00
   2.4404350e+04   1.1539792e+04   1.9288601e+03   8.5780000e+00
   2.4412404e+04   1.1540693e+04   1.9369646e+03   8.5790000e+00
   2.4420458e+04   1.1541594e+04   1.9450690e+03   8.5780000e+00
   2.4428512e+04   1.1542495e+04   1.9531735e+03   8.5800000e+00
   2.4436567e+04   1.1543396e+04   1.9612780e+03   8.5800000e+00
   2.4444621e+04   1.1544295e+04   1.9693823e+03   8.5780000e+00
   2.4452675e+04   1.1545196e+04   1.9774868e+03   8.5710000e+00
   2.4460729e+04   1.1546097e+04   1.9855913e+03   8.5630000e+00
   2.4468784e+04   1.1546998e+04   1.9936957e+03   8.5540000e+00
   2.4476838e+04   1.1547899e+04   2.0018002e+03   8.5460000e+00
   2.4484892e+04   1.1548800e+04   2.0099047e+03   8.5410000e+00
   2.4492946e+04   1.1549701e+04   2.0180091e+03   8.5380000e+00
   2.4501001e+04   1.1550602e+04   2.0261136e+03   8.5390000e+00
   2.4509055e+04   1.1551502e+04   2.0342181e+03   8.5440000e+00
   2.4517109e+04   1.1552402e+04   2.0423224e+03   8.5500000e+00
   2.4525163e+04   1.1553303e+04   2.0504269e+03   8.5520000e+00
   2.4533218e+04   1.1554204e+04   2.0585314e+03   8.5560000e+00
   2.4541272e+04   1.1555105e+04   2.0666358e+03   8.5630000e+00
   2.4549326e+04   1.1556006e+04   2.0747403e+03   8.5660000e+00
   2.4557380e+04   1.1556907e+04   2.0828448e+03   8.5760000e+00
   2.4565435e+04   1.1557808e+04   2.0909492e+03   8.5980000e+00
   2.4573489e+04   1.1558709e+04   2.0990537e+03   8.6270000e+00
   2.4581543e+04   1.1559609e+04   2.1071582e+03   8.6630000e+00
   2.4589597e+04   1.1560509e+04   2.1152625e+03   8.7000000e+00
   2.4597651e+04   1.1561410e+04   2.1233670e+03   8.7290000e+00
   2.4605706e+04   1.1562311e+04   2.1314714e+03   8.7520000e+00
   2.4613760e+04   1.1563212e+04   2.1395759e+03   8.7710000e+00
   2.4621814e+04   1.1564113e+04   2.1476804e+03   8.7830000e+00
   2.4629868e+04   1.1565014e+04   2.1557848e+03   8.7910000e+00
   2.4637923e+04   1.1565915e+04   2.1638893e+03   8.7930000e+00
   2.4645977e+04   1.1566815e+04   2.1719938e+03   8.7910000e+00
   2.4654031e+04   1.1567716e+04   2.1800982e+03   8.7870000e+00
   2.4662085e+04   1.1568616e+04   2.1882026e+03   8.7870000e+00
   2.4670140e+04   1.1569517e+04   2.1963071e+03   8.7920000e+00
   2.4678194e+04   1.1570418e+04   2.2044115e+03   8.8000000e+00
   2.4686248e+04   1.1571319e+04   2.2125160e+03   8.8080000e+00
   2.4694302e+04   1.1572220e+04   2.2206205e+03   8.8140000e+00
   2.4702357e+04   1.1573121e+04   2.2287249e+03   8.8180000e+00
   2.4710411e+04   1.1574021e+04   2.2368294e+03   8.8220000e+00
   2.4718465e+04   1.1574922e+04   2.2449339e+03   8.8260000e+00
   2.4726519e+04   1.1575822e+04   2.2530382e+03   8.8400000e+00
   2.4734574e+04   1.1576723e+04   2.2611427e+03   8.8700000e+00
   2.4742628e+04   1.1577624e+04   2.2692472e+03   8.9200000e+00
   2.4750682e+04   1.1578525e+04   2.2773516e+03   8.9860000e+00
   2.4758736e+04   1.1579426e+04   2.2854561e+03   9.0580000e+00
   2.4766791e+04   1.1580327e+04   2.2935606e+03   9.1270000e+00
   2.4774845e+04   1.1581228e+04   2.3016650e+03   9.1900000e+00
   2.4782899e+04   1.1582128e+04   2.3097695e+03   9.2390000e+00
   2.4790953e+04   1.1583029e+04   2.3178740e+03   9.2630000e+00
   2.4799008e+04   1.1583929e+04   2.3259783e+03   9.2790000e+00
   2.4807062e+04   1.1584830e+04   2.3340828e+03   9.2810000e+00
   2.4815116e+04   1.1585731e+04   2.3421872e+03   9.1920000e+00
   2.4823170e+04   1.1586632e+04   2.3502917e+03   9.1320000e+00
   2.4831224e+04   1.1587533e+04   2.3583962e+03   9.1570000e+00
   2.4839279e+04   1.1588434e+04   2.3665006e+03   9.2210000e+00
   2.4847333e+04   1.1589334e+04   2.3746051e+03   9.3240000e+00
   2.4855387e+04   1.1590235e+04   2.3827096e+03   9.4450000e+00
   2.4863441e+04   1.1591136e+04   2.3908140e+03   9.5600000e+00
   2.4871496e+04   1.1592036e+04   2.3989184e+03   9.6480000e+00
   2.4879550e+04   1.1592937e+04   2.4070229e+03   9.6820000e+00
   2.4887604e+04   1.1593838e+04   2.4151273e+03   9.6910000e+00
