   2.2326356e+04   1.3899366e+04   0.0000000e+00   6.5600000e-01
   2.2334410e+04   1.3900267e+04   8.1044672e+00   6.5000000e-01
   2.2342464e+04   1.3901168e+04   1.6208934e+01   6.4200000e-01
   2.2350518e+04   1.3902068e+04   2.4313402e+01   6.3500000e-01
   2.2358573e+04   1.3902969e+04   3.2417869e+01   6.2900000e-01
   2.2366627e+04   1.3903869e+04   4.0522222e+01   6.2400000e-01
   2.2374681e+04   1.3904770e+04   4.8626689e+01   6.2200000e-01
   2.2382735e+04   1.3905671e+04   5.6731156e+01   6.1900000e-01
   2.2390789e+04   1.3906572e+04   6.4835623e+01   6.1400000e-01
   2.2398844e+04   1.3907473e+04   7.2940090e+01   6.1000000e-01
   2.2406898e+04   1.3908374e+04   8.1044558e+01   6.0500000e-01
   2.2414952e+04   1.3909275e+04   8.9149025e+01   5.9800000e-01
   2.2423006e+04   1.3910175e+04   9.7253492e+01   5.9100000e-01
   2.2431061e+04   1.3911076e+04   1.0535796e+02   5.8400000e-01
   2.2439115e+04   1.3911976e+04   1.1346231e+02   5.7800000e-01
   2.2447169e+04   1.3912877e+04   1.2156678e+02   5.7400000e-01
   2.2455223e+04   1.3913778e+04   1.2967125e+02   5.7200000e-01
   2.2463278e+04   1.3914679e+04   1.3777571e+02   5.7000000e-01
   2.2471332e+04   1.3915580e+04   1.4588018e+02   5.6800000e-01
   2.2479386e+04   1.3916481e+04   1.5398465e+02   5.6500000e-01
   2.2487440e+04   1.3917381e+04   1.6208912e+02   5.6300000e-01
   2.2495495e+04   1.3918282e+04   1.7019358e+02   5.6100000e-01
   2.2503549e+04   1.3919183e+04   1.7829805e+02   5.6000000e-01
   2.2511603e+04   1.3920083e+04   1.8640240e+02   5.5800000e-01
   2.2519657e+04   1.3920984e+04   1.9450687e+02   5.5500000e-01
   2.2527712e+04   1.3921885e+04   2.0261134e+02   5.5200000e-01
   2.2535766e+04   1.3922786e+04   2.1071580e+02   5.4900000e-01
   2.2543820e+04   1.3923687e+04   2.1882027e+02   5.4500000e-01
   2.2551874e+04   1.3924588e+04   2.2692474e+02   5.4200000e-01
   2.2559929e+04   1.3925488e+04   2.3502921e+02   5.4000000e-01
   2.2567983e+04   1.3926389e+04   2.4313367e+02   5.4100000e-01
   2.2576037e+04   1.3927289e+04   2.5123803e+02   5.4200000e-01
   2.2584091e+04   1.3928190e+04   2.5934249e+02   5.4000000e-01
   2.2592146e+04   1.3929091e+04   2.6744696e+02   5.3900000e-01
   2.2600200e+04   1.3929992e+04   2.7555143e+02   5.3500000e-01
   2.2608254e+04   1.3930893e+04   2.8365589e+02   5.3100000e-01
   2.2616308e+04   1.3931794e+04   2.9176036e+02   5.3100000e-01
   2.2624362e+04   1.3932694e+04   2.9986483e+02   5.3200000e-01
   2.2632417e+04   1.3933595e+04   3.0796930e+02   5.2900000e-01
   2.2640471e+04   1.3934496e+04   3.1607376e+02   5.1500000e-01
   2.2648525e+04   1.3935396e+04   3.2417812e+02   5.1200000e-01
   2.2656579e+04   1.3936297e+04   3.3228258e+02   5.4800000e-01
   2.2664634e+04   1.3937198e+04   3.4038705e+02   6.4500000e-01
   2.2672688e+04   1.3938099e+04   3.4849152e+02   6.7300000e-01
   2.2680742e+04   1.3939000e+04   3.5659598e+02   4.6800000e-01
   2.2688796e+04   1.3939900e+04   3.6470045e+02  -6.9000000e-02
   2.2696851e+04   1.3940801e+04   3.7280492e+02  -4.5700000e-01
   2.2704905e+04   1.3941702e+04   3.8090939e+02  -7.5900000e-01
   2.2712959e+04   1.3942603e+04   3.8901385e+02  -1.0150000e+00
   2.2721013e+04   1.3943503e+04   3.9711821e+02  -8.8000000e-01
   2.2729068e+04   1.3944404e+04   4.0522267e+02  -8.5000000e-01
   2.2737122e+04   1.3945305e+04   4.1332714e+02  -4.9500000e-01
   2.2745176e+04   1.3946206e+04   4.2143161e+02  -3.3400000e-01
   2.2753230e+04   1.3947107e+04   4.2953608e+02  -2.7800000e-01
   2.2761285e+04   1.3948007e+04   4.3764054e+02  -3.0700000e-01
   2.2769339e+04   1.3948908e+04   4.4574501e+02  -3.0300000e-01
   2.2777393e+04   1.3949809e+04   4.5384948e+02  -3.1800000e-01
   2.2785447e+04   1.3950710e+04   4.6195394e+02  -4.1000000e-01
   2.2793502e+04   1.3951610e+04   4.7005830e+02  -4.3700000e-01
   2.2801556e+04   1.3952511e+04   4.7816276e+02  -4.1800000e-01
   2.2809610e+04   1.3953412e+04   4.8626723e+02  -4.1600000e-01
   2.2817664e+04   1.3954313e+04   4.9437170e+02  -4.4700000e-01
   2.2825718e+04   1.3955213e+04   5.0247617e+02  -4.5400000e-01
   2.2833773e+04   1.3956114e+04   5.1058063e+02  -4.3800000e-01
   2.2841827e+04   1.3957015e+04   5.1868510e+02  -3.7600000e-01
   2.2849881e+04   1.3957916e+04   5.2678957e+02  -3.1500000e-01
   2.2857935e+04   1.3958817e+04   5.3489403e+02  -3.3600000e-01
   2.2865990e+04   1.3959717e+04   5.4299839e+02  -3.7900000e-01
   2.2874044e+04   1.3960618e+04   5.5110285e+02  -4.1800000e-01
   2.2882098e+04   1.3961519e+04   5.5920732e+02  -4.7400000e-01
   2.2890152e+04   1.3962420e+04   5.6731179e+02  -4.8500000e-01
   2.2898207e+04   1.3963320e+04   5.7541626e+02  -4.9200000e-01
   2.2906261e+04   1.3964221e+04   5.8352072e+02  -5.2900000e-01
   2.2914315e+04   1.3965122e+04   5.9162519e+02  -5.6700000e-01
   2.2922369e+04   1.3966023e+04   5.9972966e+02  -6.6300000e-01
   2.2930424e+04   1.3966923e+04   6.0783401e+02  -1.1130000e+00
   2.2938478e+04   1.3967824e+04   6.1593848e+02  -1.1300000e+00
   2.2946532e+04   1.3968725e+04   6.2404295e+02  -8.8400000e-01
   2.2954586e+04   1.3969626e+04   6.3214741e+02  -1.1220000e+00
   2.2962641e+04   1.3970526e+04   6.4025188e+02  -1.0460000e+00
   2.2970695e+04   1.3971427e+04   6.4835635e+02  -8.2600000e-01
   2.2978749e+04   1.3972328e+04   6.5646081e+02  -7.9200000e-01
   2.2986803e+04   1.3973229e+04   6.6456528e+02  -7.4900000e-01
   2.2994858e+04   1.3974130e+04   6.7266975e+02  -7.7700000e-01
   2.3002912e+04   1.3975030e+04   6.8077410e+02  -8.6500000e-01
   2.3010966e+04   1.3975931e+04   6.8887857e+02  -9.4700000e-01
   2.3019020e+04   1.3976832e+04   6.9698304e+02  -9.6100000e-01
   2.3027075e+04   1.3977733e+04   7.0508750e+02  -1.0420000e+00
   2.3035129e+04   1.3978633e+04   7.1319197e+02  -1.1150000e+00
   2.3043183e+04   1.3979534e+04   7.2129644e+02  -1.1410000e+00
   2.3051237e+04   1.3980435e+04   7.2940090e+02  -1.1550000e+00
   2.3059291e+04   1.3981336e+04   7.3750537e+02  -1.1880000e+00
   2.3067346e+04   1.3982237e+04   7.4560984e+02  -1.2020000e+00
   2.3075400e+04   1.3983137e+04   7.5371419e+02  -1.2540000e+00
   2.3083454e+04   1.3984038e+04   7.6181866e+02  -1.3830000e+00
   2.3091508e+04   1.3984939e+04   7.6992313e+02  -1.4580000e+00
   2.3099563e+04   1.3985839e+04   7.7802759e+02  -1.5550000e+00
   2.3107617e+04   1.3986740e+04   7.8613206e+02  -1.6220000e+00
   2.3115671e+04   1.3987641e+04   7.9423653e+02  -1.5820000e+00
   2.3123725e+04   1.3988542e+04   8.0234099e+02  -1.4610000e+00
   2.3131780e+04   1.3989443e+04   8.1044546e+02  -1.5030000e+00
   2.3139834e+04   1.3990344e+04   8.1854993e+02  -1.7140000e+00
   2.3147888e+04   1.3991244e+04   8.2665428e+02  -2.4060000e+00
   2.3155942e+04   1.3992145e+04   8.3475875e+02  -2.6440000e+00
   2.3163997e+04   1.3993045e+04   8.4286322e+02  -2.7880000e+00
   2.3172051e+04   1.3993946e+04   8.5096768e+02  -2.9710000e+00
   2.3180105e+04   1.3994847e+04   8.5907215e+02  -2.7920000e+00
   2.3188159e+04   1.3995748e+04   8.6717662e+02  -2.5810000e+00
   2.3196214e+04   1.3996649e+04   8.7528109e+02  -2.3750000e+00
   2.3204268e+04   1.3997550e+04   8.8338555e+02  -2.2260000e+00
   2.3212322e+04   1.3998451e+04   8.9149002e+02  -1.8680000e+00
   2.3220376e+04   1.3999351e+04   8.9959437e+02  -1.2070000e+00
   2.3228431e+04   1.4000252e+04   9.0769884e+02  -6.2400000e-01
   2.3236485e+04   1.4001152e+04   9.1580331e+02  -4.3900000e-01
   2.3244539e+04   1.4002053e+04   9.2390777e+02  -3.7000000e-01
   2.3252593e+04   1.4002954e+04   9.3201224e+02  -3.9600000e-01
   2.3260648e+04   1.4003855e+04   9.4011671e+02  -3.2900000e-01
   2.3268702e+04   1.4004756e+04   9.4822118e+02  -3.1800000e-01
   2.3276756e+04   1.4005657e+04   9.5632564e+02  -3.2800000e-01
   2.3284810e+04   1.4006558e+04   9.6443011e+02  -3.7900000e-01
   2.3292864e+04   1.4007458e+04   9.7253446e+02  -3.8800000e-01
   2.3300919e+04   1.4008358e+04   9.8063893e+02   3.6000000e-01
   2.3308973e+04   1.4009259e+04   9.8874340e+02   1.2890000e+00
   2.3317027e+04   1.4010160e+04   9.9684786e+02   1.9680000e+00
   2.3325081e+04   1.4011061e+04   1.0049523e+03   2.3950000e+00
   2.3333136e+04   1.4011962e+04   1.0130568e+03   2.7080000e+00
   2.3341190e+04   1.4012863e+04   1.0211613e+03   3.0600000e+00
   2.3349244e+04   1.4013764e+04   1.0292657e+03   3.4600000e+00
   2.3357298e+04   1.4014664e+04   1.0373701e+03   3.8330000e+00
   2.3365353e+04   1.4015565e+04   1.0454746e+03   4.0500000e+00
   2.3373407e+04   1.4016465e+04   1.0535790e+03   4.2380000e+00
   2.3381461e+04   1.4017366e+04   1.0616835e+03   4.4380000e+00
   2.3389515e+04   1.4018267e+04   1.0697880e+03   4.5970000e+00
   2.3397570e+04   1.4019168e+04   1.0778924e+03   4.7390000e+00
   2.3405624e+04   1.4020069e+04   1.0859969e+03   4.8750000e+00
   2.3413678e+04   1.4020970e+04   1.0941014e+03   5.0100000e+00
   2.3421732e+04   1.4021871e+04   1.1022058e+03   5.1480000e+00
   2.3429787e+04   1.4022771e+04   1.1103102e+03   5.2910000e+00
   2.3437841e+04   1.4023671e+04   1.1184146e+03   5.4390000e+00
   2.3445895e+04   1.4024572e+04   1.1265191e+03   5.5690000e+00
   2.3453949e+04   1.4025473e+04   1.1346236e+03   5.6820000e+00
   2.3462004e+04   1.4026374e+04   1.1427280e+03   5.8110000e+00
   2.3470058e+04   1.4027275e+04   1.1508325e+03   5.9360000e+00
   2.3478112e+04   1.4028176e+04   1.1589370e+03   6.0550000e+00
   2.3486166e+04   1.4029077e+04   1.1670414e+03   6.1610000e+00
   2.3494220e+04   1.4029978e+04   1.1751459e+03   6.2550000e+00
   2.3502275e+04   1.4030878e+04   1.1832503e+03   6.3370000e+00
   2.3510329e+04   1.4031778e+04   1.1913547e+03   6.4050000e+00
   2.3518383e+04   1.4032679e+04   1.1994592e+03   6.4590000e+00
   2.3526437e+04   1.4033580e+04   1.2075637e+03   6.5070000e+00
   2.3534492e+04   1.4034481e+04   1.2156681e+03   6.5480000e+00
   2.3542546e+04   1.4035382e+04   1.2237726e+03   6.5850000e+00
   2.3550600e+04   1.4036283e+04   1.2318771e+03   6.6170000e+00
   2.3558654e+04   1.4037184e+04   1.2399815e+03   6.6460000e+00
   2.3566709e+04   1.4038085e+04   1.2480860e+03   6.6770000e+00
   2.3574763e+04   1.4038984e+04   1.2561904e+03   6.7100000e+00
   2.3582817e+04   1.4039885e+04   1.2642948e+03   6.7440000e+00
   2.3590871e+04   1.4040786e+04   1.2723993e+03   6.7770000e+00
   2.3598926e+04   1.4041687e+04   1.2805038e+03   6.8080000e+00
   2.3606980e+04   1.4042588e+04   1.2886082e+03   6.8420000e+00
   2.3615034e+04   1.4043489e+04   1.2967127e+03   6.8760000e+00
   2.3623088e+04   1.4044390e+04   1.3048172e+03   6.9110000e+00
   2.3631143e+04   1.4045291e+04   1.3129216e+03   6.9460000e+00
   2.3639197e+04   1.4046192e+04   1.3210261e+03   6.9830000e+00
   2.3647251e+04   1.4047091e+04   1.3291304e+03   7.0210000e+00
   2.3655305e+04   1.4047992e+04   1.3372349e+03   7.0580000e+00
   2.3663360e+04   1.4048893e+04   1.3453394e+03   7.0930000e+00
   2.3671414e+04   1.4049794e+04   1.3534438e+03   7.1300000e+00
   2.3679468e+04   1.4050695e+04   1.3615483e+03   7.1620000e+00
   2.3687522e+04   1.4051596e+04   1.3696528e+03   7.1920000e+00
   2.3695577e+04   1.4052497e+04   1.3777573e+03   7.2210000e+00
   2.3703631e+04   1.4053398e+04   1.3858617e+03   7.2540000e+00
   2.3711685e+04   1.4054298e+04   1.3939662e+03   7.2880000e+00
   2.3719739e+04   1.4055198e+04   1.4020705e+03   7.3210000e+00
   2.3727793e+04   1.4056099e+04   1.4101750e+03   7.3490000e+00
   2.3735848e+04   1.4057000e+04   1.4182795e+03   7.3750000e+00
   2.3743902e+04   1.4057901e+04   1.4263839e+03   7.4000000e+00
   2.3751956e+04   1.4058802e+04   1.4344884e+03   7.4280000e+00
   2.3760010e+04   1.4059703e+04   1.4425929e+03   7.4570000e+00
   2.3768065e+04   1.4060604e+04   1.4506973e+03   7.4880000e+00
   2.3776119e+04   1.4061505e+04   1.4588018e+03   7.5180000e+00
   2.3784173e+04   1.4062404e+04   1.4669062e+03   7.5480000e+00
   2.3792227e+04   1.4063305e+04   1.4750106e+03   7.5820000e+00
   2.3800282e+04   1.4064206e+04   1.4831151e+03   7.6200000e+00
   2.3808336e+04   1.4065107e+04   1.4912196e+03   7.6620000e+00
   2.3816390e+04   1.4066008e+04   1.4993240e+03   7.7060000e+00
   2.3824444e+04   1.4066909e+04   1.5074285e+03   7.7480000e+00
   2.3832499e+04   1.4067810e+04   1.5155330e+03   7.7900000e+00
   2.3840553e+04   1.4068711e+04   1.5236374e+03   7.8310000e+00
   2.3848607e+04   1.4069611e+04   1.5317419e+03   7.8700000e+00
   2.3856661e+04   1.4070511e+04   1.5398463e+03   7.9080000e+00
   2.3864716e+04   1.4071412e+04   1.5479507e+03   7.9450000e+00
   2.3872770e+04   1.4072313e+04   1.5560552e+03   7.9830000e+00
   2.3880824e+04   1.4073214e+04   1.5641597e+03   8.0180000e+00
   2.3888878e+04   1.4074115e+04   1.5722641e+03   8.0530000e+00
   2.3896933e+04   1.4075016e+04   1.5803686e+03   8.0890000e+00
   2.3904987e+04   1.4075917e+04   1.5884731e+03   8.1300000e+00
   2.3913041e+04   1.4076817e+04   1.5965775e+03   8.1820000e+00
   2.3921095e+04   1.4077718e+04   1.6046820e+03   8.2430000e+00
   2.3929149e+04   1.4078618e+04   1.6127863e+03   8.3150000e+00
   2.3937204e+04   1.4079519e+04   1.6208908e+03   8.3920000e+00
   2.3945258e+04   1.4080420e+04   1.6289953e+03   8.4680000e+00
   2.3953312e+04   1.4081321e+04   1.6370997e+03   8.5460000e+00
   2.3961366e+04   1.4082222e+04   1.6452042e+03   8.6270000e+00
   2.3969421e+04   1.4083123e+04   1.6533087e+03   8.7050000e+00
   2.3977475e+04   1.4084024e+04   1.6614131e+03   8.7830000e+00
   2.3985529e+04   1.4084924e+04   1.6695176e+03   8.8600000e+00
   2.3993583e+04   1.4085825e+04   1.6776221e+03   8.9390000e+00
   2.4001638e+04   1.4086725e+04   1.6857264e+03   9.0110000e+00
   2.4009692e+04   1.4087626e+04   1.6938309e+03   9.0760000e+00
   2.4017746e+04   1.4088527e+04   1.7019354e+03   9.1340000e+00
   2.4025800e+04   1.4089428e+04   1.7100398e+03   9.1860000e+00
   2.4033855e+04   1.4090329e+04   1.7181443e+03   9.2370000e+00
   2.4041909e+04   1.4091230e+04   1.7262488e+03   9.2840000e+00
   2.4049963e+04   1.4092130e+04   1.7343532e+03   9.3280000e+00
   2.4058017e+04   1.4093031e+04   1.7424577e+03   9.3670000e+00
   2.4066072e+04   1.4093932e+04   1.7505622e+03   9.4030000e+00
   2.4074126e+04   1.4094832e+04   1.7586665e+03   9.4300000e+00
   2.4082180e+04   1.4095733e+04   1.7667710e+03   9.4460000e+00
   2.4090234e+04   1.4096634e+04   1.7748755e+03   9.4470000e+00
   2.4098289e+04   1.4097535e+04   1.7829799e+03   9.4350000e+00
   2.4106343e+04   1.4098436e+04   1.7910844e+03   9.4140000e+00
   2.4114397e+04   1.4099337e+04   1.7991889e+03   9.3910000e+00
   2.4122451e+04   1.4100237e+04   1.8072933e+03   9.3710000e+00
   2.4130506e+04   1.4101138e+04   1.8153978e+03   9.3550000e+00
   2.4138560e+04   1.4102038e+04   1.8235021e+03   9.3470000e+00
   2.4146614e+04   1.4102939e+04   1.8316066e+03   9.3460000e+00
   2.4154668e+04   1.4103840e+04   1.8397111e+03   9.3450000e+00
   2.4162722e+04   1.4104741e+04   1.8478155e+03   9.3420000e+00
   2.4170777e+04   1.4105642e+04   1.8559200e+03   9.3330000e+00
   2.4178831e+04   1.4106543e+04   1.8640245e+03   9.3170000e+00
   2.4186885e+04   1.4107443e+04   1.8721289e+03   9.2900000e+00
   2.4194939e+04   1.4108344e+04   1.8802334e+03   9.2530000e+00
   2.4202994e+04   1.4109245e+04   1.8883379e+03   9.2050000e+00
   2.4211048e+04   1.4110145e+04   1.8964422e+03   9.1550000e+00
   2.4219102e+04   1.4111046e+04   1.9045467e+03   9.1030000e+00
   2.4227156e+04   1.4111947e+04   1.9126512e+03   9.0520000e+00
   2.4235211e+04   1.4112848e+04   1.9207556e+03   9.0070000e+00
   2.4243265e+04   1.4113749e+04   1.9288601e+03   8.9630000e+00
   2.4251319e+04   1.4114650e+04   1.9369646e+03   8.9190000e+00
   2.4259373e+04   1.4115550e+04   1.9450690e+03   8.8890000e+00
   2.4267428e+04   1.4116451e+04   1.9531735e+03   8.8540000e+00
   2.4275482e+04   1.4117352e+04   1.9612780e+03   8.8080000e+00
   2.4283536e+04   1.4118252e+04   1.9693823e+03   8.7560000e+00
   2.4291590e+04   1.4119153e+04   1.9774868e+03   8.6930000e+00
   2.4299645e+04   1.4120054e+04   1.9855913e+03   8.6220000e+00
   2.4307699e+04   1.4120955e+04   1.9936957e+03   8.5490000e+00
   2.4315753e+04   1.4121856e+04   2.0018002e+03   8.4720000e+00
   2.4323807e+04   1.4122756e+04   2.0099047e+03   8.3930000e+00
   2.4331862e+04   1.4123657e+04   2.0180091e+03   8.3150000e+00
   2.4339916e+04   1.4124558e+04   2.0261136e+03   8.2380000e+00
   2.4347970e+04   1.4125459e+04   2.0342181e+03   8.1610000e+00
   2.4356024e+04   1.4126359e+04   2.0423224e+03   8.0870000e+00
   2.4364078e+04   1.4127260e+04   2.0504269e+03   8.0200000e+00
   2.4372133e+04   1.4128161e+04   2.0585314e+03   7.9630000e+00
   2.4380187e+04   1.4129062e+04   2.0666358e+03   7.9170000e+00
   2.4388241e+04   1.4129962e+04   2.0747403e+03   7.8800000e+00
   2.4396295e+04   1.4130863e+04   2.0828448e+03   7.8470000e+00
   2.4404350e+04   1.4131764e+04   2.0909492e+03   7.8120000e+00
   2.4412404e+04   1.4132665e+04   2.0990537e+03   7.7750000e+00
   2.4420458e+04   1.4133566e+04   2.1071582e+03   7.7420000e+00
   2.4428512e+04   1.4134466e+04   2.1152625e+03   7.7180000e+00
   2.4436567e+04   1.4135367e+04   2.1233670e+03   7.6940000e+00
   2.4444621e+04   1.4136268e+04   2.1314714e+03   7.6620000e+00
   2.4452675e+04   1.4137169e+04   2.1395759e+03   7.6260000e+00
   2.4460729e+04   1.4138069e+04   2.1476804e+03   7.5840000e+00
   2.4468784e+04   1.4138970e+04   2.1557848e+03   7.5390000e+00
   2.4476838e+04   1.4139871e+04   2.1638893e+03   7.4860000e+00
   2.4484892e+04   1.4140772e+04   2.1719938e+03   7.4320000e+00
   2.4492946e+04   1.4141673e+04   2.1800982e+03   7.3810000e+00
   2.4501001e+04   1.4142573e+04   2.1882026e+03   7.3390000e+00
   2.4509055e+04   1.4143474e+04   2.1963071e+03   7.3020000e+00
   2.4517109e+04   1.4144375e+04   2.2044115e+03   7.2660000e+00
   2.4525163e+04   1.4145275e+04   2.2125160e+03   7.2260000e+00
   2.4533218e+04   1.4146176e+04   2.2206205e+03   7.2070000e+00
   2.4541272e+04   1.4147077e+04   2.2287249e+03   7.2180000e+00
   2.4549326e+04   1.4147978e+04   2.2368294e+03   7.2360000e+00
   2.4557380e+04   1.4148879e+04   2.2449339e+03   7.2790000e+00
   2.4565435e+04   1.4149779e+04   2.2530382e+03   7.3330000e+00
   2.4573489e+04   1.4150680e+04   2.2611427e+03   7.3760000e+00
   2.4581543e+04   1.4151581e+04   2.2692472e+03   7.4140000e+00
   2.4589597e+04   1.4152482e+04   2.2773516e+03   7.4450000e+00
   2.4597651e+04   1.4153382e+04   2.2854561e+03   7.4700000e+00
   2.4605706e+04   1.4154283e+04   2.2935606e+03   7.4880000e+00
   2.4613760e+04   1.4155184e+04   2.3016650e+03   7.4980000e+00
   2.4621814e+04   1.4156085e+04   2.3097695e+03   7.5070000e+00
   2.4629868e+04   1.4156986e+04   2.3178740e+03   7.5140000e+00
   2.4637923e+04   1.4157886e+04   2.3259783e+03   7.5160000e+00
   2.4645977e+04   1.4158787e+04   2.3340828e+03   7.5110000e+00
   2.4654031e+04   1.4159688e+04   2.3421872e+03   7.4980000e+00
   2.4662085e+04   1.4160588e+04   2.3502917e+03   7.4710000e+00
   2.4670140e+04   1.4161489e+04   2.3583962e+03   7.4390000e+00
   2.4678194e+04   1.4162390e+04   2.3665006e+03   7.4260000e+00
   2.4686248e+04   1.4163291e+04   2.3746051e+03   7.4710000e+00
   2.4694302e+04   1.4164192e+04   2.3827096e+03   7.6070000e+00
   2.4702357e+04   1.4165093e+04   2.3908140e+03   7.7900000e+00
   2.4710411e+04   1.4165993e+04   2.3989184e+03   7.9670000e+00
   2.4718465e+04   1.4166894e+04   2.4070229e+03   8.1090000e+00
   2.4726519e+04   1.4167795e+04   2.4151273e+03   8.2170000e+00
