    1     785.3   -1204.3   1037.6   1120.9  -1346.5   1204.5  -1025.1    891.8
    2    1030.9   -1372.1   1180.2   1276.2  -1520.0   1287.6  -1150.9   1051.9
    3    1276.6   -1381.6   1233.4   1307.5  -1557.6   1394.0  -1165.9   1061.3
    4    1767.9   -1440.7   1298.9   1369.8  -1630.2   1520.6  -1234.8   1111.5
    5    1246.8   -1465.5   1317.7   1391.6  -1638.6   1385.7  -1205.8   1217.9
    6    1492.5   -1499.5   1363.0   1431.2  -1695.1   1442.3  -1238.4   1235.5
    7    1738.1   -1504.6   1482.7   1493.6  -1706.6   1664.1  -1288.6   1326.3
    8    1983.8   -1533.5   1407.6   1470.6  -1732.6   1544.7  -1282.1   1261.3
    9    2229.4   -1613.2   1483.2   1548.2  -1754.1   1727.2  -1406.3   1271.6
   10    1570.6   -1479.4   1430.0   1454.7  -1675.2   1614.2  -1225.5   1282.3
   11    1816.2   -1502.3   1466.2   1484.3  -1704.3   1620.5  -1241.4   1290.8
   12    2061.9   -1517.6   1614.5   1566.0  -1750.7   1838.7  -1302.5   1387.4
   13    2307.5   -1547.7   1514.0   1530.8  -1757.5   1717.6  -1282.5   1334.6
   14    2553.2   -1606.0   1605.3   1605.6  -1774.3   1960.8  -1431.6   1313.0
   15    2601.5   -1522.8   1631.6   1577.2  -1750.6   1855.7  -1304.5   1430.9
   16    2847.2   -1552.4   1523.8   1538.1  -1753.5   1723.7  -1297.5   1314.7
   17    3092.8   -1619.3   1624.6   1621.9  -1767.8   1975.7  -1436.0   1331.7
   18    3338.5   -1617.7   1690.5   1654.1  -1813.2   2026.6  -1397.5   1454.5
   19    3386.8   -1549.8   1528.7   1539.2  -1753.1   1724.8  -1279.0   1309.6
   20    3632.5   -1608.4   1618.8   1613.6  -1766.1   1972.6  -1413.1   1338.9
   21    3878.1   -1605.2   1672.8   1639.0  -1778.9   2034.0  -1379.2   1415.0
   22    3848.3   -1625.0   1610.8   1617.9  -1837.4   1831.6  -1355.7   1400.8
   23    4094.0   -1614.4   1681.1   1647.8  -1789.5   1953.5  -1391.9   1464.3
   24    4172.1   -1636.5   1619.7   1628.1  -1847.3   1832.7  -1368.2   1410.7
   25    4417.8   -1627.2   1691.4   1659.3  -1796.2   1962.9  -1404.5   1473.0
