    1     785.3     -34.1     29.4     31.7    -38.1     34.1    -29.0     25.3
    2    1030.9     -38.9     33.4     36.1    -43.0     36.5    -32.6     29.8
    3    1276.6     -39.1     34.9     37.0    -44.1     39.5    -33.0     30.1
    4    1767.9     -40.8     36.8     38.8    -46.2     43.1    -35.0     31.5
    5    1246.8     -41.5     37.3     39.4    -46.4     39.2    -34.1     34.5
    6    1492.5     -42.5     38.6     40.5    -48.0     40.8    -35.1     35.0
    7    1738.1     -42.6     42.0     42.3    -48.3     47.1    -36.5     37.6
    8    1983.8     -43.4     39.9     41.6    -49.1     43.7    -36.3     35.7
    9    2229.4     -45.7     42.0     43.8    -49.7     48.9    -39.8     36.0
   10    1570.6     -41.9     40.5     41.2    -47.4     45.7    -34.7     36.3
   11    1816.2     -42.5     41.5     42.0    -48.3     45.9    -35.2     36.6
   12    2061.9     -43.0     45.7     44.3    -49.6     52.1    -36.9     39.3
   13    2307.5     -43.8     42.9     43.3    -49.8     48.6    -36.3     37.8
   14    2553.2     -45.5     45.5     45.5    -50.2     55.5    -40.5     37.2
   15    2601.5     -43.1     46.2     44.7    -49.6     52.5    -36.9     40.5
   16    2847.2     -44.0     43.2     43.6    -49.7     48.8    -36.7     37.2
   17    3092.8     -45.9     46.0     45.9    -50.1     55.9    -40.7     37.7
   18    3338.5     -45.8     47.9     46.8    -51.3     57.4    -39.6     41.2
   19    3386.8     -43.9     43.3     43.6    -49.6     48.8    -36.2     37.1
   20    3632.5     -45.5     45.8     45.7    -50.0     55.9    -40.0     37.9
   21    3878.1     -45.5     47.4     46.4    -50.4     57.6    -39.1     40.1
   22    3848.3     -46.0     45.6     45.8    -52.0     51.9    -38.4     39.7
   23    4094.0     -45.7     47.6     46.7    -50.7     55.3    -39.4     41.5
   24    4172.1     -46.3     45.9     46.1    -52.3     51.9    -38.7     39.9
   25    4417.8     -46.1     47.9     47.0    -50.9     55.6    -39.8     41.7
