    1   5.0 5.0 5.0     8452.9   1346.5    891.8
    2  5.0 10.0 5.0    11096.5   1520.0   1051.9
    3  7.0 10.0 7.0    13420.4   1638.6   1205.8
    4  5.0 15.0 5.0    13741.2   1557.6   1061.3
    5  7.0 15.0 7.0    16065.1   1695.1   1235.5
    6 10.0 10.0 10.0    16905.8   1675.2   1225.5
    7  7.0 20.0 7.0    18708.7   1706.6   1288.6
    8  5.0 25.0 5.0    19029.5   1630.2   1111.5
    9 10.0 15.0 10.0    19549.4   1704.3   1241.4
   10  7.0 25.0 7.0   21353.4   1732.6   1261.3
   11 10.0 20.0 10.0    22194.1   1838.7   1302.5
   12  7.0 30.0 7.0    23997.0   1754.1   1271.6
   13 10.0 25.0 10.0    24837.7   1757.5   1282.5
   14 10.0 30.0 10.0    27482.4   1960.8   1313.0
   15 15.0 20.0 15.0    28002.3   1855.7   1304.5
   16 15.0 25.0 15.0    30647.0   1753.5   1297.5
   17 15.0 30.0 15.0    33290.6   1975.7   1331.7
   18 15.0 35.0 15.0    35935.3   2026.6   1397.5
   19 20.0 25.0 20.0    36455.2   1753.1   1279.0
   20 20.0 30.0 20.0    39099.9   1972.6   1338.9
   21 22.0 30.0 22.0    41422.7   1837.4   1355.7
   22 20.0 35.0 20.0    41743.5   2034.0   1379.2
   23 22.0 35.0 22.0    44067.4   1953.5   1391.9
   24 25.0 30.0 25.0    44908.1   1847.3   1368.2
   25 25.0 35.0 25.0    47552.8   1962.9   1404.5
