   0.0000000e+00  -3.8800000e-01
   4.1666667e-03  -4.1900000e-01
   8.3333333e-03  -4.4800000e-01
   1.2500000e-02  -4.6400000e-01
   1.6666667e-02  -4.8700000e-01
   2.0833333e-02  -5.1500000e-01
   2.5000000e-02  -5.3400000e-01
   2.9166667e-02  -5.4900000e-01
   3.3333333e-02  -5.7700000e-01
   3.7500000e-02  -5.9700000e-01
   4.1666667e-02  -6.1100000e-01
   4.5833333e-02  -6.1500000e-01
   5.0000000e-02  -6.2900000e-01
   5.4166667e-02  -6.4000000e-01
   5.8333333e-02  -6.5500000e-01
   6.2500000e-02  -6.6300000e-01
   6.6666667e-02  -6.7500000e-01
   7.0833333e-02  -6.7200000e-01
   7.5000000e-02  -6.7900000e-01
   7.9166667e-02  -6.6900000e-01
   8.3333333e-02  -6.6700000e-01
   8.7500000e-02  -6.5300000e-01
   9.1666667e-02  -6.4900000e-01
   9.5833333e-02  -6.3700000e-01
   1.0000000e-01  -6.2200000e-01
   1.0416667e-01  -6.0600000e-01
   1.0833333e-01  -6.0200000e-01
   1.1250000e-01  -5.9200000e-01
   1.1666667e-01  -5.6500000e-01
   1.2083333e-01  -5.5000000e-01
   1.2500000e-01  -5.3900000e-01
   1.2916667e-01  -5.2400000e-01
   1.3333333e-01  -4.9600000e-01
   1.3750000e-01  -4.7200000e-01
   1.4166667e-01  -4.5100000e-01
   1.4583333e-01  -4.2500000e-01
   1.5000000e-01  -4.1300000e-01
   1.5416667e-01  -3.9200000e-01
   1.5833333e-01  -3.6000000e-01
   1.6250000e-01  -3.4200000e-01
   1.6666667e-01  -3.2600000e-01
   1.7083333e-01  -2.9800000e-01
   1.7500000e-01  -2.6700000e-01
   1.7916667e-01  -2.3700000e-01
   1.8333333e-01  -2.0700000e-01
   1.8750000e-01  -1.8600000e-01
   1.9166667e-01  -1.5300000e-01
   1.9583333e-01  -1.3400000e-01
   2.0000000e-01  -1.0600000e-01
   2.0416667e-01  -8.1000000e-02
   2.0833333e-01  -5.4000000e-02
   2.1250000e-01  -3.2000000e-02
   2.1666667e-01  -2.0000000e-03
   2.2083333e-01   1.7000000e-02
   2.2500000e-01   5.3000000e-02
   2.2916667e-01   7.8000000e-02
   2.3333333e-01   1.1100000e-01
   2.3750000e-01   1.2800000e-01
   2.4166667e-01   1.5800000e-01
   2.4583333e-01   1.8000000e-01
   2.5000000e-01   1.9900000e-01
   2.5416667e-01   2.1900000e-01
   2.5833333e-01   2.4500000e-01
   2.6250000e-01   2.5500000e-01
   2.6666667e-01   2.7400000e-01
   2.7083333e-01   2.9700000e-01
   2.7500000e-01   3.1600000e-01
   2.7916667e-01   3.2800000e-01
   2.8333333e-01   3.4700000e-01
   2.8750000e-01   3.6500000e-01
   2.9166667e-01   3.7400000e-01
   2.9583333e-01   3.9400000e-01
   3.0000000e-01   4.0700000e-01
   3.0416667e-01   4.1100000e-01
   3.0833333e-01   4.2000000e-01
   3.1250000e-01   4.3300000e-01
   3.1666667e-01   4.3700000e-01
   3.2083333e-01   4.4500000e-01
   3.2500000e-01   4.5800000e-01
   3.2916667e-01   4.6100000e-01
   3.3333333e-01   4.6400000e-01
   3.3750000e-01   4.6400000e-01
   3.4166667e-01   4.6800000e-01
   3.4583333e-01   4.7300000e-01
   3.5000000e-01   4.8000000e-01
   3.5416667e-01   4.7200000e-01
   3.5833333e-01   4.7200000e-01
   3.6250000e-01   4.6800000e-01
   3.6666667e-01   4.6000000e-01
   3.7083333e-01   4.5700000e-01
   3.7500000e-01   4.5600000e-01
   3.7916667e-01   4.3400000e-01
   3.8333333e-01   4.1600000e-01
   3.8750000e-01   3.9400000e-01
   3.9166667e-01   3.8200000e-01
   3.9583333e-01   3.6200000e-01
   4.0000000e-01   3.4000000e-01
   4.0416667e-01   3.1700000e-01
   4.0833333e-01   2.9500000e-01
   4.1250000e-01   2.7500000e-01
   4.1666667e-01   2.5900000e-01
   4.2083333e-01   2.3100000e-01
   4.2500000e-01   2.0300000e-01
   4.2916667e-01   1.8300000e-01
   4.3333333e-01   1.6600000e-01
   4.3750000e-01   1.3400000e-01
   4.4166667e-01   1.0900000e-01
   4.4583333e-01   8.7000000e-02
   4.5000000e-01   5.9000000e-02
   4.5416667e-01   3.0000000e-02
   4.5833333e-01   2.0000000e-03
   4.6250000e-01  -2.3000000e-02
   4.6666667e-01  -5.1000000e-02
   4.7083333e-01  -8.2000000e-02
   4.7500000e-01  -1.1000000e-01
   4.7916667e-01  -1.3100000e-01
   4.8333333e-01  -1.6300000e-01
   4.8750000e-01  -1.8800000e-01
   4.9166667e-01  -2.1300000e-01
   4.9583333e-01  -2.3700000e-01
   5.0000000e-01  -2.6000000e-01
   5.0416667e-01  -2.7900000e-01
   5.0833333e-01  -3.0300000e-01
   5.1250000e-01  -3.2200000e-01
   5.1666667e-01  -3.4200000e-01
   5.2083333e-01  -3.6200000e-01
   5.2500000e-01  -3.8400000e-01
   5.2916667e-01  -3.9500000e-01
   5.3333333e-01  -4.1300000e-01
   5.3750000e-01  -4.2700000e-01
   5.4166667e-01  -4.3700000e-01
   5.4583333e-01  -4.5000000e-01
   5.5000000e-01  -4.6500000e-01
   5.5416667e-01  -4.7600000e-01
   5.5833333e-01  -4.8300000e-01
   5.6250000e-01  -4.9200000e-01
   5.6666667e-01  -4.8600000e-01
   5.7083333e-01  -4.9200000e-01
   5.7500000e-01  -5.0000000e-01
   5.7916667e-01  -4.9600000e-01
   5.8333333e-01  -4.9400000e-01
   5.8750000e-01  -4.8300000e-01
   5.9166667e-01  -4.7700000e-01
   5.9583333e-01  -4.7200000e-01
   6.0000000e-01  -4.7000000e-01
   6.0416667e-01  -4.5700000e-01
   6.0833333e-01  -4.4800000e-01
   6.1250000e-01  -4.3600000e-01
   6.1666667e-01  -4.2500000e-01
   6.2083333e-01  -4.0700000e-01
   6.2500000e-01  -3.9800000e-01
   6.2916667e-01  -3.8400000e-01
   6.3333333e-01  -3.7300000e-01
   6.3750000e-01  -3.5100000e-01
   6.4166667e-01  -3.3100000e-01
   6.4583333e-01  -3.1100000e-01
   6.5000000e-01  -2.9200000e-01
   6.5416667e-01  -2.7000000e-01
   6.5833333e-01  -2.4500000e-01
   6.6250000e-01  -2.2000000e-01
   6.6666667e-01  -1.9300000e-01
   6.7083333e-01  -1.7300000e-01
   6.7500000e-01  -1.5700000e-01
   6.7916667e-01  -1.2800000e-01
   6.8333333e-01  -1.1600000e-01
   6.8750000e-01  -8.4000000e-02
   6.9166667e-01  -5.8000000e-02
   6.9583333e-01  -3.1000000e-02
   7.0000000e-01  -1.4000000e-02
   7.0416667e-01   2.8000000e-02
   7.0833333e-01   6.7000000e-02
   7.1250000e-01   1.0500000e-01
   7.1666667e-01   1.2800000e-01
   7.2083333e-01   1.6000000e-01
   7.2500000e-01   1.9800000e-01
   7.2916667e-01   2.2600000e-01
   7.3333333e-01   2.5600000e-01
   7.3750000e-01   2.8800000e-01
   7.4166667e-01   3.0700000e-01
   7.4583333e-01   3.3600000e-01
   7.5000000e-01   3.7000000e-01
   7.5416667e-01   3.9200000e-01
   7.5833333e-01   4.2000000e-01
   7.6250000e-01   4.4900000e-01
   7.6666667e-01   4.7800000e-01
   7.7083333e-01   5.0200000e-01
   7.7500000e-01   5.2100000e-01
   7.7916667e-01   5.4500000e-01
   7.8333333e-01   5.7200000e-01
   7.8750000e-01   5.9800000e-01
   7.9166667e-01   6.1700000e-01
   7.9583333e-01   6.4500000e-01
   8.0000000e-01   6.5700000e-01
   8.0416667e-01   6.7700000e-01
   8.0833333e-01   6.8800000e-01
   8.1250000e-01   7.0200000e-01
   8.1666667e-01   7.0700000e-01
   8.2083333e-01   7.1600000e-01
   8.2500000e-01   7.2300000e-01
   8.2916667e-01   7.3900000e-01
   8.3333333e-01   7.4100000e-01
   8.3750000e-01   7.2500000e-01
   8.4166667e-01   7.3000000e-01
   8.4583333e-01   7.3500000e-01
   8.5000000e-01   7.5400000e-01
   8.5416667e-01   7.6200000e-01
   8.5833333e-01   7.6900000e-01
   8.6250000e-01   7.7200000e-01
   8.6666667e-01   7.6900000e-01
   8.7083333e-01   7.6400000e-01
   8.7500000e-01   7.5200000e-01
   8.7916667e-01   7.5400000e-01
   8.8333333e-01   7.4800000e-01
   8.8750000e-01   7.4200000e-01
   8.9166667e-01   7.2700000e-01
   8.9583333e-01   7.1000000e-01
   9.0000000e-01   7.0000000e-01
   9.0416667e-01   6.8300000e-01
   9.0833333e-01   6.6300000e-01
   9.1250000e-01   6.5800000e-01
   9.1666667e-01   6.3800000e-01
   9.2083333e-01   6.2100000e-01
   9.2500000e-01   6.0800000e-01
   9.2916667e-01   5.8600000e-01
   9.3333333e-01   5.4700000e-01
   9.3750000e-01   5.2300000e-01
   9.4166667e-01   4.9200000e-01
   9.4583333e-01   4.6400000e-01
   9.5000000e-01   4.3100000e-01
   9.5416667e-01   4.0700000e-01
   9.5833333e-01   3.7800000e-01
   9.6250000e-01   3.4100000e-01
   9.6666667e-01   3.1500000e-01
   9.7083333e-01   2.9600000e-01
   9.7500000e-01   2.6200000e-01
   9.7916667e-01   2.2400000e-01
   9.8333333e-01   1.9700000e-01
   9.8750000e-01   1.4900000e-01
   9.9166667e-01   1.2100000e-01
   9.9583333e-01   8.5000000e-02
   1.0000000e+00   5.3000000e-02
   1.0041667e+00   2.3000000e-02
   1.0083333e+00  -1.1000000e-02
   1.0125000e+00  -5.3000000e-02
   1.0166667e+00  -9.6000000e-02
   1.0208333e+00  -1.2400000e-01
   1.0250000e+00  -1.5900000e-01
   1.0291667e+00  -1.9200000e-01
   1.0333333e+00  -2.2300000e-01
   1.0375000e+00  -2.5900000e-01
   1.0416667e+00  -2.8800000e-01
   1.0458333e+00  -3.1500000e-01
   1.0500000e+00  -3.3500000e-01
   1.0541667e+00  -3.6200000e-01
   1.0583333e+00  -3.9200000e-01
   1.0625000e+00  -4.1500000e-01
   1.0666667e+00  -4.3300000e-01
   1.0708333e+00  -4.4600000e-01
   1.0750000e+00  -4.6000000e-01
   1.0791667e+00  -4.7400000e-01
   1.0833333e+00  -4.9000000e-01
   1.0875000e+00  -4.9900000e-01
   1.0916667e+00  -5.0500000e-01
   1.0958333e+00  -5.1600000e-01
   1.1000000e+00  -5.3300000e-01
   1.1041667e+00  -5.3400000e-01
   1.1083333e+00  -5.4200000e-01
   1.1125000e+00  -5.3400000e-01
   1.1166667e+00  -5.3200000e-01
   1.1208333e+00  -5.3800000e-01
   1.1250000e+00  -5.3300000e-01
   1.1291667e+00  -5.3400000e-01
   1.1333333e+00  -5.2800000e-01
   1.1375000e+00  -5.0800000e-01
   1.1416667e+00  -4.9600000e-01
   1.1458333e+00  -4.8900000e-01
   1.1500000e+00  -4.8800000e-01
   1.1541667e+00  -4.6400000e-01
   1.1583333e+00  -4.5500000e-01
   1.1625000e+00  -4.3800000e-01
   1.1666667e+00  -4.1400000e-01
   1.1708333e+00  -3.9800000e-01
   1.1750000e+00  -3.8300000e-01
   1.1791667e+00  -3.5600000e-01
   1.1833333e+00  -3.3900000e-01
   1.1875000e+00  -3.1900000e-01
   1.1916667e+00  -2.9400000e-01
   1.1958333e+00  -2.6500000e-01
   1.2000000e+00  -2.5000000e-01
   1.2041667e+00  -2.2300000e-01
   1.2083333e+00  -2.0300000e-01
   1.2125000e+00  -1.8100000e-01
   1.2166667e+00  -1.5400000e-01
   1.2208333e+00  -1.3700000e-01
   1.2250000e+00  -1.0900000e-01
   1.2291667e+00  -8.8000000e-02
   1.2333333e+00  -5.2000000e-02
   1.2375000e+00  -2.6000000e-02
   1.2416667e+00  -1.0000000e-03
   1.2458333e+00   2.2000000e-02
   1.2500000e+00   4.4000000e-02
   1.2541667e+00   6.3000000e-02
   1.2583333e+00   8.6000000e-02
   1.2625000e+00   1.2400000e-01
   1.2666667e+00   1.5100000e-01
   1.2708333e+00   1.7100000e-01
   1.2750000e+00   2.0300000e-01
   1.2791667e+00   2.2500000e-01
   1.2833333e+00   2.5000000e-01
   1.2875000e+00   2.7300000e-01
   1.2916667e+00   3.0000000e-01
   1.2958333e+00   3.1700000e-01
   1.3000000e+00   3.4200000e-01
   1.3041667e+00   3.6300000e-01
   1.3083333e+00   3.8600000e-01
   1.3125000e+00   4.1100000e-01
   1.3166667e+00   4.2900000e-01
   1.3208333e+00   4.5000000e-01
   1.3250000e+00   4.6900000e-01
   1.3291667e+00   4.8100000e-01
   1.3333333e+00   4.9300000e-01
   1.3375000e+00   5.1200000e-01
   1.3416667e+00   5.2900000e-01
   1.3458333e+00   5.4200000e-01
   1.3500000e+00   5.4400000e-01
   1.3541667e+00   5.5600000e-01
   1.3583333e+00   5.6200000e-01
   1.3625000e+00   5.6400000e-01
   1.3666667e+00   5.7200000e-01
   1.3708333e+00   5.7600000e-01
   1.3750000e+00   5.9100000e-01
   1.3791667e+00   5.9000000e-01
   1.3833333e+00   5.8600000e-01
   1.3875000e+00   5.7400000e-01
   1.3916667e+00   5.7400000e-01
   1.3958333e+00   5.6800000e-01
   1.4000000e+00   5.6600000e-01
   1.4041667e+00   5.6600000e-01
   1.4083333e+00   5.6800000e-01
   1.4125000e+00   5.6000000e-01
   1.4166667e+00   5.4100000e-01
   1.4208333e+00   5.2800000e-01
   1.4250000e+00   5.2000000e-01
   1.4291667e+00   5.1000000e-01
   1.4333333e+00   5.0000000e-01
   1.4375000e+00   4.9200000e-01
   1.4416667e+00   4.6800000e-01
   1.4458333e+00   4.4000000e-01
   1.4500000e+00   4.2600000e-01
   1.4541667e+00   4.0800000e-01
   1.4583333e+00   3.9100000e-01
   1.4625000e+00   3.7200000e-01
   1.4666667e+00   3.5100000e-01
   1.4708333e+00   3.1500000e-01
   1.4750000e+00   2.9900000e-01
   1.4791667e+00   2.6500000e-01
   1.4833333e+00   2.4200000e-01
   1.4875000e+00   2.1300000e-01
   1.4916667e+00   1.8700000e-01
   1.4958333e+00   1.5200000e-01
   1.5000000e+00   1.3500000e-01
   1.5041667e+00   1.0300000e-01
   1.5083333e+00   7.6000000e-02
   1.5125000e+00   5.2000000e-02
   1.5166667e+00   1.9000000e-02
   1.5208333e+00  -1.7000000e-02
   1.5250000e+00  -3.3000000e-02
   1.5291667e+00  -6.6000000e-02
   1.5333333e+00  -9.2000000e-02
   1.5375000e+00  -1.3000000e-01
   1.5416667e+00  -1.4800000e-01
   1.5458333e+00  -1.7500000e-01
   1.5500000e+00  -1.9400000e-01
   1.5541667e+00  -2.2000000e-01
   1.5583333e+00  -2.3600000e-01
   1.5625000e+00  -2.5200000e-01
   1.5666667e+00  -2.7200000e-01
   1.5708333e+00  -2.9600000e-01
   1.5750000e+00  -3.0700000e-01
   1.5791667e+00  -3.2700000e-01
   1.5833333e+00  -3.3400000e-01
   1.5875000e+00  -3.5000000e-01
   1.5916667e+00  -3.6000000e-01
   1.5958333e+00  -3.7000000e-01
   1.6000000e+00  -3.7700000e-01
   1.6041667e+00  -3.9200000e-01
   1.6083333e+00  -3.9800000e-01
   1.6125000e+00  -4.0700000e-01
   1.6166667e+00  -4.1200000e-01
   1.6208333e+00  -4.1500000e-01
   1.6250000e+00  -4.1200000e-01
   1.6291667e+00  -4.1500000e-01
   1.6333333e+00  -4.1700000e-01
   1.6375000e+00  -4.2100000e-01
   1.6416667e+00  -4.0600000e-01
   1.6458333e+00  -3.9400000e-01
   1.6500000e+00  -3.9200000e-01
   1.6541667e+00  -3.8000000e-01
   1.6583333e+00  -3.7600000e-01
   1.6625000e+00  -3.5900000e-01
   1.6666667e+00  -3.5800000e-01
   1.6708333e+00  -3.5200000e-01
   1.6750000e+00  -3.3500000e-01
   1.6791667e+00  -3.0300000e-01
   1.6833333e+00  -2.8700000e-01
   1.6875000e+00  -2.8200000e-01
   1.6916667e+00  -2.6200000e-01
   1.6958333e+00  -2.4700000e-01
   1.7000000e+00  -2.0700000e-01
   1.7041667e+00  -1.9800000e-01
   1.7083333e+00  -1.8100000e-01
   1.7125000e+00  -1.5200000e-01
   1.7166667e+00  -1.2100000e-01
   1.7208333e+00  -9.6000000e-02
   1.7250000e+00  -6.7000000e-02
   1.7291667e+00  -4.8000000e-02
   1.7333333e+00  -1.8000000e-02
   1.7375000e+00   5.0000000e-03
   1.7416667e+00   4.3000000e-02
   1.7458333e+00   6.5000000e-02
   1.7500000e+00   1.0500000e-01
   1.7541667e+00   1.3800000e-01
   1.7583333e+00   1.6700000e-01
   1.7625000e+00   2.0300000e-01
   1.7666667e+00   2.3500000e-01
   1.7708333e+00   2.6400000e-01
   1.7750000e+00   3.0000000e-01
   1.7791667e+00   3.2600000e-01
   1.7833333e+00   3.5100000e-01
   1.7875000e+00   3.7500000e-01
   1.7916667e+00   4.0900000e-01
   1.7958333e+00   4.3200000e-01
   1.8000000e+00   4.6700000e-01
   1.8041667e+00   4.9700000e-01
   1.8083333e+00   5.2300000e-01
   1.8125000e+00   5.4700000e-01
   1.8166667e+00   5.6500000e-01
   1.8208333e+00   5.8900000e-01
   1.8250000e+00   6.0900000e-01
   1.8291667e+00   6.3600000e-01
   1.8333333e+00   6.5500000e-01
   1.8375000e+00   6.6700000e-01
   1.8416667e+00   6.8200000e-01
   1.8458333e+00   6.9600000e-01
   1.8500000e+00   7.1800000e-01
   1.8541667e+00   7.3600000e-01
   1.8583333e+00   7.4700000e-01
   1.8625000e+00   7.5700000e-01
   1.8666667e+00   7.7300000e-01
   1.8708333e+00   7.8600000e-01
   1.8750000e+00   7.9500000e-01
   1.8791667e+00   8.0200000e-01
   1.8833333e+00   8.1500000e-01
   1.8875000e+00   8.2500000e-01
   1.8916667e+00   8.2800000e-01
   1.8958333e+00   8.2500000e-01
   1.9000000e+00   8.1900000e-01
   1.9041667e+00   8.1900000e-01
   1.9083333e+00   8.1500000e-01
   1.9125000e+00   8.1200000e-01
   1.9166667e+00   8.0900000e-01
   1.9208333e+00   8.1100000e-01
   1.9250000e+00   7.9800000e-01
   1.9291667e+00   7.9400000e-01
   1.9333333e+00   7.8700000e-01
   1.9375000e+00   7.7700000e-01
   1.9416667e+00   7.5700000e-01
   1.9458333e+00   7.2500000e-01
   1.9500000e+00   7.0800000e-01
   1.9541667e+00   6.8800000e-01
   1.9583333e+00   6.6500000e-01
   1.9625000e+00   6.4600000e-01
   1.9666667e+00   6.1700000e-01
   1.9708333e+00   6.0600000e-01
   1.9750000e+00   5.7900000e-01
   1.9791667e+00   5.4500000e-01
   1.9833333e+00   5.1700000e-01
   1.9875000e+00   4.8800000e-01
   1.9916667e+00   4.7100000e-01
   1.9958333e+00   4.4700000e-01
   2.0000000e+00   4.2200000e-01
   2.0041667e+00   3.8600000e-01
   2.0083333e+00   3.5700000e-01
   2.0125000e+00   3.2700000e-01
   2.0166667e+00   3.0800000e-01
   2.0208333e+00   2.7100000e-01
   2.0250000e+00   2.2800000e-01
   2.0291667e+00   1.8900000e-01
   2.0333333e+00   1.5700000e-01
   2.0375000e+00   1.3200000e-01
   2.0416667e+00   9.7000000e-02
   2.0458333e+00   5.7000000e-02
   2.0500000e+00   2.8000000e-02
   2.0541667e+00  -1.0000000e-03
   2.0583333e+00  -2.9000000e-02
   2.0625000e+00  -6.0000000e-02
   2.0666667e+00  -8.3000000e-02
   2.0708333e+00  -1.1900000e-01
   2.0750000e+00  -1.5100000e-01
   2.0791667e+00  -1.7000000e-01
   2.0833333e+00  -2.0000000e-01
   2.0875000e+00  -2.2400000e-01
   2.0916667e+00  -2.4600000e-01
   2.0958333e+00  -2.6500000e-01
   2.1000000e+00  -2.8800000e-01
   2.1041667e+00  -3.0500000e-01
   2.1083333e+00  -3.2300000e-01
   2.1125000e+00  -3.4500000e-01
   2.1166667e+00  -3.6900000e-01
   2.1208333e+00  -3.7900000e-01
   2.1250000e+00  -3.8500000e-01
   2.1291667e+00  -3.9300000e-01
   2.1333333e+00  -3.9500000e-01
   2.1375000e+00  -3.9600000e-01
   2.1416667e+00  -4.0100000e-01
   2.1458333e+00  -4.0200000e-01
   2.1500000e+00  -4.0100000e-01
   2.1541667e+00  -4.0100000e-01
   2.1583333e+00  -3.9000000e-01
   2.1625000e+00  -4.0200000e-01
   2.1666667e+00  -3.8400000e-01
   2.1708333e+00  -3.8100000e-01
   2.1750000e+00  -3.7400000e-01
   2.1791667e+00  -3.7300000e-01
   2.1833333e+00  -3.7000000e-01
   2.1875000e+00  -3.5600000e-01
   2.1916667e+00  -3.4500000e-01
   2.1958333e+00  -3.2100000e-01
   2.2000000e+00  -3.1100000e-01
   2.2041667e+00  -2.8900000e-01
   2.2083333e+00  -2.7800000e-01
   2.2125000e+00  -2.5200000e-01
   2.2166667e+00  -2.2400000e-01
   2.2208333e+00  -1.9900000e-01
   2.2250000e+00  -1.7100000e-01
   2.2291667e+00  -1.5900000e-01
   2.2333333e+00  -1.3000000e-01
   2.2375000e+00  -1.0500000e-01
   2.2416667e+00  -9.8000000e-02
   2.2458333e+00  -7.3000000e-02
   2.2500000e+00  -4.5000000e-02
   2.2541667e+00  -1.3000000e-02
   2.2583333e+00   1.7000000e-02
   2.2625000e+00   4.5000000e-02
   2.2666667e+00   6.6000000e-02
   2.2708333e+00   9.2000000e-02
   2.2750000e+00   1.2300000e-01
   2.2791667e+00   1.5900000e-01
   2.2833333e+00   1.9100000e-01
   2.2875000e+00   2.1800000e-01
   2.2916667e+00   2.4300000e-01
   2.2958333e+00   2.6900000e-01
   2.3000000e+00   3.0100000e-01
   2.3041667e+00   3.2900000e-01
   2.3083333e+00   3.5800000e-01
   2.3125000e+00   3.8000000e-01
   2.3166667e+00   4.1100000e-01
   2.3208333e+00   4.5100000e-01
   2.3250000e+00   4.8400000e-01
   2.3291667e+00   5.0400000e-01
   2.3333333e+00   5.1900000e-01
   2.3375000e+00   5.4000000e-01
   2.3416667e+00   5.7300000e-01
   2.3458333e+00   5.9100000e-01
   2.3500000e+00   6.0100000e-01
   2.3541667e+00   6.3200000e-01
   2.3583333e+00   6.4800000e-01
   2.3625000e+00   6.6600000e-01
   2.3666667e+00   6.8500000e-01
   2.3708333e+00   6.9900000e-01
   2.3750000e+00   7.0900000e-01
   2.3791667e+00   7.3000000e-01
   2.3833333e+00   7.3700000e-01
   2.3875000e+00   7.4100000e-01
   2.3916667e+00   7.5000000e-01
   2.3958333e+00   7.6200000e-01
   2.4000000e+00   7.6600000e-01
   2.4041667e+00   7.6600000e-01
   2.4083333e+00   7.6600000e-01
   2.4125000e+00   7.6700000e-01
   2.4166667e+00   7.7100000e-01
   2.4208333e+00   7.5800000e-01
   2.4250000e+00   7.5500000e-01
   2.4291667e+00   7.5800000e-01
   2.4333333e+00   7.5800000e-01
   2.4375000e+00   7.5300000e-01
   2.4416667e+00   7.4900000e-01
   2.4458333e+00   7.4500000e-01
   2.4500000e+00   7.3000000e-01
   2.4541667e+00   7.3000000e-01
   2.4583333e+00   7.1300000e-01
   2.4625000e+00   6.8800000e-01
   2.4666667e+00   6.7500000e-01
   2.4708333e+00   6.6300000e-01
   2.4750000e+00   6.4300000e-01
   2.4791667e+00   6.2700000e-01
   2.4833333e+00   6.0400000e-01
   2.4875000e+00   5.9100000e-01
   2.4916667e+00   5.7600000e-01
   2.4958333e+00   5.4600000e-01
   2.5000000e+00   5.1700000e-01
   2.5041667e+00   4.8200000e-01
   2.5083333e+00   4.5100000e-01
   2.5125000e+00   4.4400000e-01
   2.5166667e+00   4.1200000e-01
   2.5208333e+00   3.8800000e-01
   2.5250000e+00   3.5600000e-01
   2.5291667e+00   3.2900000e-01
   2.5333333e+00   3.0200000e-01
   2.5375000e+00   2.6300000e-01
   2.5416667e+00   2.2900000e-01
   2.5458333e+00   1.9100000e-01
   2.5500000e+00   1.5900000e-01
   2.5541667e+00   1.3000000e-01
   2.5583333e+00   1.0700000e-01
   2.5625000e+00   7.2000000e-02
   2.5666667e+00   4.9000000e-02
   2.5708333e+00   1.0000000e-02
   2.5750000e+00  -2.2000000e-02
   2.5791667e+00  -5.6000000e-02
   2.5833333e+00  -8.8000000e-02
   2.5875000e+00  -1.1800000e-01
   2.5916667e+00  -1.4500000e-01
   2.5958333e+00  -1.7000000e-01
   2.6000000e+00  -1.9400000e-01
   2.6041667e+00  -2.1700000e-01
   2.6083333e+00  -2.3900000e-01
   2.6125000e+00  -2.5900000e-01
   2.6166667e+00  -2.7800000e-01
   2.6208333e+00  -2.9600000e-01
   2.6250000e+00  -3.1300000e-01
   2.6291667e+00  -3.2800000e-01
   2.6333333e+00  -3.4200000e-01
   2.6375000e+00  -3.5600000e-01
   2.6416667e+00  -3.6800000e-01
   2.6458333e+00  -3.7800000e-01
   2.6500000e+00  -3.8800000e-01
   2.6541667e+00  -3.9700000e-01
   2.6583333e+00  -4.0400000e-01
   2.6625000e+00  -4.1000000e-01
   2.6666667e+00  -4.1500000e-01
   2.6708333e+00  -4.1900000e-01
   2.6750000e+00  -4.2200000e-01
   2.6791667e+00  -4.2400000e-01
   2.6833333e+00  -4.2400000e-01
   2.6875000e+00  -4.2400000e-01
   2.6916667e+00  -4.2000000e-01
   2.6958333e+00  -4.0800000e-01
   2.7000000e+00  -4.0100000e-01
   2.7041667e+00  -3.8300000e-01
   2.7083333e+00  -3.6800000e-01
   2.7125000e+00  -3.5600000e-01
   2.7166667e+00  -3.4800000e-01
   2.7208333e+00  -3.2900000e-01
   2.7250000e+00  -3.1800000e-01
   2.7291667e+00  -2.9200000e-01
   2.7333333e+00  -2.6500000e-01
   2.7375000e+00  -2.4300000e-01
   2.7416667e+00  -2.1900000e-01
   2.7458333e+00  -1.9900000e-01
   2.7500000e+00  -1.7100000e-01
   2.7541667e+00  -1.5000000e-01
   2.7583333e+00  -1.2000000e-01
   2.7625000e+00  -1.0300000e-01
   2.7666667e+00  -7.6000000e-02
   2.7708333e+00  -5.2000000e-02
   2.7750000e+00  -3.5000000e-02
   2.7791667e+00  -1.4000000e-02
   2.7833333e+00   1.5000000e-02
   2.7875000e+00   4.8000000e-02
   2.7916667e+00   7.4000000e-02
   2.7958333e+00   1.0400000e-01
   2.8000000e+00   1.3600000e-01
   2.8041667e+00   1.6400000e-01
   2.8083333e+00   1.9800000e-01
   2.8125000e+00   2.2500000e-01
   2.8166667e+00   2.5200000e-01
   2.8208333e+00   2.8000000e-01
   2.8250000e+00   3.0800000e-01
   2.8291667e+00   3.3400000e-01
   2.8333333e+00   3.5200000e-01
   2.8375000e+00   3.6800000e-01
   2.8416667e+00   4.0300000e-01
   2.8458333e+00   4.3600000e-01
   2.8500000e+00   4.6500000e-01
   2.8541667e+00   4.9800000e-01
   2.8583333e+00   5.2000000e-01
   2.8625000e+00   5.4800000e-01
   2.8666667e+00   5.7000000e-01
   2.8708333e+00   5.9200000e-01
   2.8750000e+00   6.1000000e-01
   2.8791667e+00   6.3000000e-01
   2.8833333e+00   6.4700000e-01
   2.8875000e+00   6.6200000e-01
   2.8916667e+00   6.8600000e-01
   2.8958333e+00   6.9900000e-01
   2.9000000e+00   7.1100000e-01
   2.9041667e+00   7.2700000e-01
   2.9083333e+00   7.4000000e-01
   2.9125000e+00   7.5600000e-01
   2.9166667e+00   7.5900000e-01
   2.9208333e+00   7.6300000e-01
   2.9250000e+00   7.6700000e-01
   2.9291667e+00   7.7600000e-01
   2.9333333e+00   7.8300000e-01
   2.9375000e+00   7.7900000e-01
   2.9416667e+00   7.7500000e-01
   2.9458333e+00   7.7000000e-01
   2.9500000e+00   7.5800000e-01
   2.9541667e+00   7.5100000e-01
   2.9583333e+00   7.3800000e-01
   2.9625000e+00   7.2100000e-01
   2.9666667e+00   7.1600000e-01
   2.9708333e+00   7.1600000e-01
   2.9750000e+00   7.0500000e-01
   2.9791667e+00   6.7800000e-01
   2.9833333e+00   6.7100000e-01
   2.9875000e+00   6.5500000e-01
   2.9916667e+00   6.4700000e-01
   2.9958333e+00   6.2400000e-01
   3.0000000e+00   5.9900000e-01
   3.0041667e+00   5.8100000e-01
   3.0083333e+00   5.5600000e-01
   3.0125000e+00   5.3200000e-01
   3.0166667e+00   5.1000000e-01
   3.0208333e+00   4.9500000e-01
   3.0250000e+00   4.6900000e-01
   3.0291667e+00   4.4500000e-01
   3.0333333e+00   4.2000000e-01
   3.0375000e+00   3.9300000e-01
   3.0416667e+00   3.6000000e-01
   3.0458333e+00   3.3400000e-01
   3.0500000e+00   3.0300000e-01
   3.0541667e+00   2.6400000e-01
   3.0583333e+00   2.3100000e-01
   3.0625000e+00   1.8700000e-01
   3.0666667e+00   1.5800000e-01
   3.0708333e+00   1.2300000e-01
   3.0750000e+00   9.7000000e-02
   3.0791667e+00   6.3000000e-02
   3.0833333e+00   3.7000000e-02
   3.0875000e+00   1.0000000e-03
   3.0916667e+00  -2.4000000e-02
   3.0958333e+00  -5.9000000e-02
   3.1000000e+00  -8.5000000e-02
   3.1041667e+00  -1.1900000e-01
   3.1083333e+00  -1.4600000e-01
   3.1125000e+00  -1.8100000e-01
   3.1166667e+00  -2.0500000e-01
   3.1208333e+00  -2.3100000e-01
   3.1250000e+00  -2.5500000e-01
   3.1291667e+00  -2.7600000e-01
   3.1333333e+00  -2.9600000e-01
   3.1375000e+00  -3.2400000e-01
   3.1416667e+00  -3.3800000e-01
   3.1458333e+00  -3.5200000e-01
   3.1500000e+00  -3.6900000e-01
   3.1541667e+00  -3.8100000e-01
   3.1583333e+00  -3.9300000e-01
   3.1625000e+00  -4.0100000e-01
   3.1666667e+00  -4.0700000e-01
   3.1708333e+00  -4.1800000e-01
   3.1750000e+00  -4.1500000e-01
   3.1791667e+00  -4.2600000e-01
   3.1833333e+00  -4.2900000e-01
   3.1875000e+00  -4.2500000e-01
   3.1916667e+00  -4.1400000e-01
   3.1958333e+00  -4.2200000e-01
   3.2000000e+00  -4.1400000e-01
   3.2041667e+00  -4.1400000e-01
   3.2083333e+00  -3.9900000e-01
   3.2125000e+00  -3.9300000e-01
   3.2166667e+00  -3.7500000e-01
   3.2208333e+00  -3.7300000e-01
   3.2250000e+00  -3.5900000e-01
   3.2291667e+00  -3.5100000e-01
   3.2333333e+00  -3.2600000e-01
   3.2375000e+00  -3.1200000e-01
   3.2416667e+00  -2.8600000e-01
   3.2458333e+00  -2.7600000e-01
   3.2500000e+00  -2.5100000e-01
   3.2541667e+00  -2.3500000e-01
   3.2583333e+00  -2.2200000e-01
   3.2625000e+00  -2.0100000e-01
   3.2666667e+00  -1.7700000e-01
   3.2708333e+00  -1.5000000e-01
   3.2750000e+00  -1.2100000e-01
   3.2791667e+00  -9.4000000e-02
   3.2833333e+00  -7.0000000e-02
   3.2875000e+00  -4.2000000e-02
   3.2916667e+00  -7.0000000e-03
   3.2958333e+00   2.2000000e-02
   3.3000000e+00   5.6000000e-02
   3.3041667e+00   8.6000000e-02
   3.3083333e+00   1.1400000e-01
   3.3125000e+00   1.4800000e-01
   3.3166667e+00   1.8400000e-01
   3.3208333e+00   2.1500000e-01
   3.3250000e+00   2.4600000e-01
   3.3291667e+00   2.7600000e-01
   3.3333333e+00   3.1700000e-01
   3.3375000e+00   3.5500000e-01
   3.3416667e+00   3.8200000e-01
   3.3458333e+00   4.1200000e-01
   3.3500000e+00   4.4200000e-01
   3.3541667e+00   4.7400000e-01
   3.3583333e+00   4.9800000e-01
   3.3625000e+00   5.2900000e-01
   3.3666667e+00   5.5100000e-01
   3.3708333e+00   5.7700000e-01
   3.3750000e+00   6.0700000e-01
   3.3791667e+00   6.3200000e-01
   3.3833333e+00   6.5700000e-01
   3.3875000e+00   6.7100000e-01
   3.3916667e+00   6.9900000e-01
   3.3958333e+00   7.2200000e-01
   3.4000000e+00   7.3600000e-01
   3.4041667e+00   7.4700000e-01
   3.4083333e+00   7.6100000e-01
   3.4125000e+00   7.8000000e-01
   3.4166667e+00   7.8900000e-01
   3.4208333e+00   7.9900000e-01
   3.4250000e+00   8.0200000e-01
   3.4291667e+00   8.0300000e-01
   3.4333333e+00   8.1300000e-01
   3.4375000e+00   8.2300000e-01
   3.4416667e+00   8.2500000e-01
   3.4458333e+00   8.2100000e-01
   3.4500000e+00   8.2400000e-01
   3.4541667e+00   8.2400000e-01
   3.4583333e+00   8.2900000e-01
   3.4625000e+00   8.2200000e-01
   3.4666667e+00   8.1600000e-01
   3.4708333e+00   8.1000000e-01
   3.4750000e+00   8.0400000e-01
   3.4791667e+00   8.0100000e-01
   3.4833333e+00   7.9000000e-01
   3.4875000e+00   7.6800000e-01
   3.4916667e+00   7.6700000e-01
   3.4958333e+00   7.3900000e-01
   3.5000000e+00   7.1900000e-01
   3.5041667e+00   6.9900000e-01
   3.5083333e+00   6.8600000e-01
   3.5125000e+00   6.6900000e-01
   3.5166667e+00   6.5800000e-01
   3.5208333e+00   6.3700000e-01
   3.5250000e+00   6.0400000e-01
   3.5291667e+00   5.8600000e-01
   3.5333333e+00   5.6900000e-01
   3.5375000e+00   5.3200000e-01
   3.5416667e+00   4.9500000e-01
   3.5458333e+00   4.7400000e-01
   3.5500000e+00   4.4900000e-01
   3.5541667e+00   4.3400000e-01
   3.5583333e+00   4.0100000e-01
   3.5625000e+00   3.6600000e-01
   3.5666667e+00   3.3700000e-01
   3.5708333e+00   3.0800000e-01
   3.5750000e+00   2.7500000e-01
   3.5791667e+00   2.5000000e-01
   3.5833333e+00   2.1700000e-01
   3.5875000e+00   1.8900000e-01
   3.5916667e+00   1.6000000e-01
   3.5958333e+00   1.2200000e-01
   3.6000000e+00   9.5000000e-02
   3.6041667e+00   6.2000000e-02
   3.6083333e+00   3.0000000e-02
   3.6125000e+00  -2.0000000e-03
   3.6166667e+00  -1.6000000e-02
   3.6208333e+00  -5.4000000e-02
   3.6250000e+00  -9.5000000e-02
   3.6291667e+00  -1.2700000e-01
   3.6333333e+00  -1.5200000e-01
   3.6375000e+00  -1.7000000e-01
   3.6416667e+00  -1.9500000e-01
   3.6458333e+00  -2.2300000e-01
   3.6500000e+00  -2.4700000e-01
   3.6541667e+00  -2.6300000e-01
   3.6583333e+00  -2.8100000e-01
   3.6625000e+00  -3.0300000e-01
   3.6666667e+00  -3.2400000e-01
   3.6708333e+00  -3.3600000e-01
   3.6750000e+00  -3.5100000e-01
   3.6791667e+00  -3.5800000e-01
   3.6833333e+00  -3.7500000e-01
   3.6875000e+00  -3.9500000e-01
   3.6916667e+00  -4.0200000e-01
   3.6958333e+00  -4.1300000e-01
   3.7000000e+00  -4.0000000e-01
   3.7041667e+00  -4.0400000e-01
   3.7083333e+00  -4.0800000e-01
   3.7125000e+00  -4.0600000e-01
   3.7166667e+00  -4.0000000e-01
   3.7208333e+00  -3.9600000e-01
   3.7250000e+00  -3.7600000e-01
   3.7291667e+00  -3.6500000e-01
   3.7333333e+00  -3.5400000e-01
   3.7375000e+00  -3.4400000e-01
   3.7416667e+00  -3.2600000e-01
   3.7458333e+00  -3.1700000e-01
   3.7500000e+00  -3.0300000e-01
   3.7541667e+00  -2.9900000e-01
   3.7583333e+00  -2.9500000e-01
   3.7625000e+00  -2.7100000e-01
   3.7666667e+00  -2.5600000e-01
   3.7708333e+00  -2.3700000e-01
   3.7750000e+00  -2.2400000e-01
   3.7791667e+00  -1.9500000e-01
   3.7833333e+00  -1.6200000e-01
   3.7875000e+00  -1.3500000e-01
   3.7916667e+00  -1.0900000e-01
   3.7958333e+00  -7.8000000e-02
   3.8000000e+00  -5.3000000e-02
   3.8041667e+00  -2.8000000e-02
   3.8083333e+00  -1.0000000e-03
   3.8125000e+00   2.4000000e-02
   3.8166667e+00   5.1000000e-02
   3.8208333e+00   7.8000000e-02
   3.8250000e+00   1.0300000e-01
   3.8291667e+00   1.3000000e-01
   3.8333333e+00   1.4500000e-01
   3.8375000e+00   1.8800000e-01
   3.8416667e+00   2.2200000e-01
   3.8458333e+00   2.6500000e-01
   3.8500000e+00   2.8800000e-01
   3.8541667e+00   3.2300000e-01
   3.8583333e+00   3.5400000e-01
   3.8625000e+00   3.9000000e-01
   3.8666667e+00   4.2700000e-01
   3.8708333e+00   4.5400000e-01
   3.8750000e+00   4.8100000e-01
   3.8791667e+00   5.1000000e-01
   3.8833333e+00   5.4300000e-01
   3.8875000e+00   5.5900000e-01
   3.8916667e+00   5.8400000e-01
   3.8958333e+00   6.0900000e-01
   3.9000000e+00   6.4100000e-01
   3.9041667e+00   6.6700000e-01
   3.9083333e+00   6.8700000e-01
   3.9125000e+00   7.0700000e-01
   3.9166667e+00   7.2600000e-01
   3.9208333e+00   7.4200000e-01
   3.9250000e+00   7.6100000e-01
   3.9291667e+00   7.6800000e-01
   3.9333333e+00   7.8000000e-01
   3.9375000e+00   7.8700000e-01
   3.9416667e+00   7.9300000e-01
   3.9458333e+00   8.0500000e-01
   3.9500000e+00   8.0600000e-01
   3.9541667e+00   8.0800000e-01
   3.9583333e+00   8.0800000e-01
   3.9625000e+00   8.2200000e-01
   3.9666667e+00   8.1900000e-01
   3.9708333e+00   8.1900000e-01
   3.9750000e+00   8.1100000e-01
   3.9791667e+00   8.0700000e-01
   3.9833333e+00   7.9100000e-01
   3.9875000e+00   7.8500000e-01
   3.9916667e+00   7.8600000e-01
   3.9958333e+00   7.7800000e-01
   4.0000000e+00   7.7200000e-01
   4.0041667e+00   7.6400000e-01
   4.0083333e+00   7.5100000e-01
   4.0125000e+00   7.3500000e-01
   4.0166667e+00   7.1500000e-01
   4.0208333e+00   7.0300000e-01
   4.0250000e+00   6.8500000e-01
   4.0291667e+00   6.6800000e-01
   4.0333333e+00   6.4300000e-01
   4.0375000e+00   6.2200000e-01
   4.0416667e+00   5.9400000e-01
   4.0458333e+00   5.7000000e-01
   4.0500000e+00   5.4600000e-01
   4.0541667e+00   5.1500000e-01
   4.0583333e+00   4.9100000e-01
   4.0625000e+00   4.6600000e-01
   4.0666667e+00   4.3600000e-01
   4.0708333e+00   4.0300000e-01
   4.0750000e+00   3.7900000e-01
   4.0791667e+00   3.4200000e-01
   4.0833333e+00   3.0300000e-01
   4.0875000e+00   2.6600000e-01
   4.0916667e+00   2.2900000e-01
   4.0958333e+00   1.9600000e-01
   4.1000000e+00   1.6500000e-01
   4.1041667e+00   1.3000000e-01
   4.1083333e+00   9.4000000e-02
   4.1125000e+00   5.2000000e-02
   4.1166667e+00   2.4000000e-02
   4.1208333e+00   3.0000000e-03
   4.1250000e+00  -2.5000000e-02
   4.1291667e+00  -6.0000000e-02
   4.1333333e+00  -9.9000000e-02
   4.1375000e+00  -1.2700000e-01
   4.1416667e+00  -1.4900000e-01
   4.1458333e+00  -1.7000000e-01
   4.1500000e+00  -1.9700000e-01
   4.1541667e+00  -2.2800000e-01
   4.1583333e+00  -2.5100000e-01
   4.1625000e+00  -2.8100000e-01
   4.1666667e+00  -2.9700000e-01
   4.1708333e+00  -3.0900000e-01
   4.1750000e+00  -3.3200000e-01
   4.1791667e+00  -3.5400000e-01
   4.1833333e+00  -3.6900000e-01
   4.1875000e+00  -3.8200000e-01
   4.1916667e+00  -3.9500000e-01
   4.1958333e+00  -4.1100000e-01
   4.2000000e+00  -4.1800000e-01
   4.2041667e+00  -4.2000000e-01
   4.2083333e+00  -4.1400000e-01
   4.2125000e+00  -4.1000000e-01
   4.2166667e+00  -4.0600000e-01
   4.2208333e+00  -4.0600000e-01
   4.2250000e+00  -3.9400000e-01
   4.2291667e+00  -3.8700000e-01
   4.2333333e+00  -3.7400000e-01
   4.2375000e+00  -3.7200000e-01
   4.2416667e+00  -3.6200000e-01
   4.2458333e+00  -3.4700000e-01
   4.2500000e+00  -3.3000000e-01
   4.2541667e+00  -3.1400000e-01
   4.2583333e+00  -2.9700000e-01
   4.2625000e+00  -2.7700000e-01
   4.2666667e+00  -2.6000000e-01
   4.2708333e+00  -2.3700000e-01
   4.2750000e+00  -2.1400000e-01
   4.2791667e+00  -1.8600000e-01
   4.2833333e+00  -1.7100000e-01
   4.2875000e+00  -1.5400000e-01
   4.2916667e+00  -1.2500000e-01
   4.2958333e+00  -1.0200000e-01
   4.3000000e+00  -8.3000000e-02
   4.3041667e+00  -6.1000000e-02
   4.3083333e+00  -3.0000000e-02
   4.3125000e+00   2.0000000e-03
   4.3166667e+00   3.7000000e-02
   4.3208333e+00   6.7000000e-02
   4.3250000e+00   9.8000000e-02
   4.3291667e+00   1.3300000e-01
   4.3333333e+00   1.7100000e-01
   4.3375000e+00   2.1600000e-01
   4.3416667e+00   2.5900000e-01
   4.3458333e+00   2.9200000e-01
   4.3500000e+00   3.2600000e-01
   4.3541667e+00   3.6100000e-01
   4.3583333e+00   3.9800000e-01
   4.3625000e+00   4.4400000e-01
   4.3666667e+00   4.6700000e-01
   4.3708333e+00   4.9600000e-01
   4.3750000e+00   5.3400000e-01
   4.3791667e+00   5.6500000e-01
   4.3833333e+00   5.9900000e-01
   4.3875000e+00   6.3100000e-01
   4.3916667e+00   6.6000000e-01
   4.3958333e+00   6.8300000e-01
   4.4000000e+00   7.1500000e-01
   4.4041667e+00   7.4400000e-01
   4.4083333e+00   7.6900000e-01
   4.4125000e+00   7.8900000e-01
   4.4166667e+00   8.1300000e-01
   4.4208333e+00   8.3300000e-01
   4.4250000e+00   8.4700000e-01
   4.4291667e+00   8.7900000e-01
   4.4333333e+00   9.0000000e-01
   4.4375000e+00   9.2100000e-01
   4.4416667e+00   9.4300000e-01
   4.4458333e+00   9.5900000e-01
   4.4500000e+00   9.7200000e-01
   4.4541667e+00   9.9500000e-01
   4.4583333e+00   1.0000000e+00
   4.4625000e+00   1.0110000e+00
   4.4666667e+00   1.0190000e+00
   4.4708333e+00   1.0280000e+00
   4.4750000e+00   1.0210000e+00
   4.4791667e+00   1.0230000e+00
   4.4833333e+00   1.0280000e+00
   4.4875000e+00   1.0270000e+00
   4.4916667e+00   1.0320000e+00
   4.4958333e+00   1.0170000e+00
   4.5000000e+00   1.0140000e+00
   4.5041667e+00   1.0040000e+00
   4.5083333e+00   9.9300000e-01
   4.5125000e+00   9.8600000e-01
   4.5166667e+00   9.7400000e-01
   4.5208333e+00   9.4800000e-01
   4.5250000e+00   9.4000000e-01
   4.5291667e+00   9.2500000e-01
   4.5333333e+00   9.2000000e-01
   4.5375000e+00   8.9900000e-01
   4.5416667e+00   8.8600000e-01
   4.5458333e+00   8.5900000e-01
   4.5500000e+00   8.5200000e-01
   4.5541667e+00   8.4500000e-01
   4.5583333e+00   8.3100000e-01
   4.5625000e+00   8.1300000e-01
   4.5666667e+00   7.8800000e-01
   4.5708333e+00   7.6600000e-01
   4.5750000e+00   7.4200000e-01
   4.5791667e+00   7.1500000e-01
   4.5833333e+00   6.7900000e-01
   4.5875000e+00   6.5800000e-01
   4.5916667e+00   6.3200000e-01
   4.5958333e+00   5.9800000e-01
   4.6000000e+00   5.7000000e-01
   4.6041667e+00   5.4000000e-01
   4.6083333e+00   4.9700000e-01
   4.6125000e+00   4.8400000e-01
   4.6166667e+00   4.4100000e-01
   4.6208333e+00   4.0800000e-01
   4.6250000e+00   3.6500000e-01
   4.6291667e+00   3.3900000e-01
   4.6333333e+00   2.9800000e-01
   4.6375000e+00   2.8500000e-01
   4.6416667e+00   2.5100000e-01
   4.6458333e+00   2.1800000e-01
   4.6500000e+00   1.7600000e-01
   4.6541667e+00   1.5000000e-01
   4.6583333e+00   1.1000000e-01
   4.6625000e+00   9.8000000e-02
   4.6666667e+00   8.1000000e-02
   4.6708333e+00   6.8000000e-02
   4.6750000e+00   3.4000000e-02
   4.6791667e+00   1.3000000e-02
   4.6833333e+00  -2.0000000e-02
   4.6875000e+00  -4.9000000e-02
   4.6916667e+00  -6.4000000e-02
   4.6958333e+00  -8.6000000e-02
   4.7000000e+00  -1.0000000e-01
   4.7041667e+00  -1.2100000e-01
   4.7083333e+00  -1.3400000e-01
   4.7125000e+00  -1.4500000e-01
   4.7166667e+00  -1.4400000e-01
   4.7208333e+00  -1.5300000e-01
   4.7250000e+00  -1.4700000e-01
   4.7291667e+00  -1.4500000e-01
   4.7333333e+00  -1.5500000e-01
   4.7375000e+00  -1.6100000e-01
   4.7416667e+00  -1.6200000e-01
   4.7458333e+00  -1.6000000e-01
   4.7500000e+00  -1.4800000e-01
   4.7541667e+00  -1.4600000e-01
   4.7583333e+00  -1.4900000e-01
   4.7625000e+00  -1.3800000e-01
   4.7666667e+00  -1.3200000e-01
   4.7708333e+00  -1.2800000e-01
   4.7750000e+00  -1.2900000e-01
   4.7791667e+00  -1.0700000e-01
   4.7833333e+00  -7.8000000e-02
   4.7875000e+00  -6.6000000e-02
   4.7916667e+00  -5.1000000e-02
   4.7958333e+00  -4.9000000e-02
   4.8000000e+00  -4.9000000e-02
   4.8041667e+00  -3.7000000e-02
   4.8083333e+00  -7.0000000e-03
   4.8125000e+00   1.3000000e-02
   4.8166667e+00   3.6000000e-02
   4.8208333e+00   4.7000000e-02
   4.8250000e+00   7.4000000e-02
   4.8291667e+00   1.1000000e-01
   4.8333333e+00   1.3300000e-01
   4.8375000e+00   1.6900000e-01
   4.8416667e+00   1.7500000e-01
   4.8458333e+00   2.0400000e-01
   4.8500000e+00   2.4000000e-01
   4.8541667e+00   2.7500000e-01
   4.8583333e+00   2.9500000e-01
   4.8625000e+00   3.3300000e-01
   4.8666667e+00   3.6200000e-01
   4.8708333e+00   3.9700000e-01
   4.8750000e+00   4.3000000e-01
   4.8791667e+00   4.6900000e-01
   4.8833333e+00   4.9500000e-01
   4.8875000e+00   5.3200000e-01
   4.8916667e+00   5.5900000e-01
   4.8958333e+00   5.8500000e-01
   4.9000000e+00   6.0500000e-01
   4.9041667e+00   6.2700000e-01
   4.9083333e+00   6.6700000e-01
   4.9125000e+00   6.9500000e-01
   4.9166667e+00   7.1900000e-01
   4.9208333e+00   7.5500000e-01
   4.9250000e+00   7.7900000e-01
   4.9291667e+00   7.9700000e-01
   4.9333333e+00   8.1700000e-01
   4.9375000e+00   8.3600000e-01
   4.9416667e+00   8.5000000e-01
   4.9458333e+00   8.6600000e-01
   4.9500000e+00   8.8200000e-01
   4.9541667e+00   8.9700000e-01
   4.9583333e+00   9.0500000e-01
   4.9625000e+00   9.2600000e-01
   4.9666667e+00   9.3400000e-01
   4.9708333e+00   9.5200000e-01
   4.9750000e+00   9.7000000e-01
   4.9791667e+00   9.9400000e-01
   4.9833333e+00   9.8000000e-01
   4.9875000e+00   9.9100000e-01
   4.9916667e+00   1.0050000e+00
   4.9958333e+00   1.0060000e+00
   5.0000000e+00   9.9700000e-01
   5.0041667e+00   1.0115637e+00
   5.0083333e+00   1.0281273e+00
   5.0125000e+00   1.0536910e+00
   5.0166667e+00   1.0722548e+00
   5.0208333e+00   1.0408185e+00
   5.0250000e+00   1.0253823e+00
   5.0291667e+00   1.0129461e+00
   5.0333333e+00   9.8651005e-01
   5.0375000e+00   9.9007402e-01
   5.0416667e+00   9.4363806e-01
   5.0458333e+00   9.5320219e-01
   5.0500000e+00   8.9976640e-01
   5.0541667e+00   8.9333072e-01
   5.0583333e+00   8.8289515e-01
   5.0625000e+00   8.5045969e-01
   5.0666667e+00   8.3102435e-01
   5.0708333e+00   8.2558915e-01
   5.0750000e+00   8.1115409e-01
   5.0791667e+00   7.7671918e-01
   5.0833333e+00   7.4328443e-01
   5.0875000e+00   7.1184984e-01
   5.0916667e+00   6.8841542e-01
   5.0958333e+00   6.6598120e-01
   5.1000000e+00   6.3754715e-01
   5.1041667e+00   6.2411331e-01
   5.1083333e+00   6.1667968e-01
   5.1125000e+00   5.7724626e-01
   5.1166667e+00   5.4281306e-01
   5.1208333e+00   5.1438011e-01
   5.1250000e+00   5.0894738e-01
   5.1291667e+00   4.6951490e-01
   5.1333333e+00   4.3908269e-01
   5.1375000e+00   4.0965074e-01
   5.1416667e+00   3.8921906e-01
   5.1458333e+00   3.4778766e-01
   5.1500000e+00   3.2035655e-01
   5.1541667e+00   2.8792574e-01
   5.1583333e+00   2.6649524e-01
   5.1625000e+00   2.4606505e-01
   5.1666667e+00   2.1163518e-01
   5.1708333e+00   1.9920565e-01
   5.1750000e+00   1.8377645e-01
   5.1791667e+00   1.5334759e-01
   5.1833333e+00   1.3591910e-01
   5.1875000e+00   1.0549097e-01
   5.1916667e+00   9.8063203e-02
   5.1958333e+00   9.6635828e-02
   5.2000000e+00   5.3208831e-02
   5.2041667e+00   1.8782229e-02
   5.2083333e+00   8.3560420e-03
   5.2125000e+00  -1.5069744e-02
   5.2166667e+00  -2.2495109e-02
   5.2208333e+00  -2.8920036e-02
   5.2250000e+00  -4.4344536e-02
   5.2291667e+00  -2.1768593e-02
   5.2333333e+00  -2.4192186e-02
   5.2375000e+00  -2.4615329e-02
   5.2416667e+00  -8.0380038e-03
   5.2458333e+00  -2.2460191e-02
   5.2500000e+00  -8.8819045e-03
   5.2541667e+00  -8.3031248e-03
   5.2583333e+00  -7.2383424e-04
   5.2625000e+00   1.6855955e-02
   5.2666667e+00   1.4362611e-03
   5.2708333e+00   2.0017102e-02
   5.2750000e+00   2.9598466e-02
   5.2791667e+00   3.5180370e-02
   5.2833333e+00   4.0762833e-02
   5.2875000e+00   6.8345843e-02
   5.2916667e+00   1.0892942e-01
   5.2958333e+00   1.1651357e-01
   5.3000000e+00   1.3909830e-01
   5.3041667e+00   1.8868362e-01
   5.3083333e+00   2.0326954e-01
   5.3125000e+00   2.2585605e-01
   5.3166667e+00   2.2644318e-01
   5.3208333e+00   2.4903094e-01
   5.3250000e+00   2.8461931e-01
   5.3291667e+00   3.1920832e-01
   5.3333333e+00   3.5479799e-01
   5.3375000e+00   3.8738829e-01
   5.3416667e+00   4.0697926e-01
   5.3458333e+00   4.3957090e-01
   5.3500000e+00   4.6416321e-01
   5.3541667e+00   5.1275619e-01
   5.3583333e+00   5.1934988e-01
   5.3625000e+00   5.5894426e-01
   5.3666667e+00   5.7753934e-01
   5.3708333e+00   6.2913514e-01
   5.3750000e+00   6.4473166e-01
   5.3791667e+00   6.7732890e-01
   5.3833333e+00   7.1492689e-01
   5.3875000e+00   7.3452561e-01
   5.3916667e+00   7.7412509e-01
   5.3958333e+00   8.0472533e-01
   5.4000000e+00   8.5232634e-01
   5.4041667e+00   8.8192811e-01
   5.4083333e+00   9.0753068e-01
   5.4125000e+00   9.4113403e-01
   5.4166667e+00   9.9673817e-01
   5.4208333e+00   1.0413431e+00
   5.4250000e+00   1.0589489e+00
   5.4291667e+00   1.0915555e+00
   5.4333333e+00   1.1011629e+00
   5.4375000e+00   1.1347711e+00
   5.4416667e+00   1.1613802e+00
   5.4458333e+00   1.1929902e+00
   5.4500000e+00   1.2316010e+00
   5.4541667e+00   1.2392126e+00
   5.4583333e+00   1.2518251e+00
   5.4625000e+00   1.2764385e+00
   5.4666667e+00   1.3010528e+00
   5.4708333e+00   1.3246680e+00
   5.4750000e+00   1.3392841e+00
   5.4791667e+00   1.3549011e+00
   5.4833333e+00   1.3775190e+00
   5.4875000e+00   1.3791379e+00
   5.4916667e+00   1.3827576e+00
   5.4958333e+00   1.3873784e+00
   5.5000000e+00   1.3880000e+00
   5.5041667e+00   1.3806226e+00
   5.5083333e+00   1.3912462e+00
   5.5125000e+00   1.3828707e+00
   5.5166667e+00   1.3944962e+00
   5.5208333e+00   1.3941227e+00
   5.5250000e+00   1.3907501e+00
   5.5291667e+00   1.3943786e+00
   5.5333333e+00   1.3940081e+00
   5.5375000e+00   1.3826385e+00
   5.5416667e+00   1.3862700e+00
   5.5458333e+00   1.3829026e+00
   5.5500000e+00   1.3675361e+00
   5.5541667e+00   1.3501707e+00
   5.5583333e+00   1.3338063e+00
   5.5625000e+00   1.3284430e+00
   5.5666667e+00   1.3210807e+00
   5.5708333e+00   1.2847195e+00
   5.5750000e+00   1.2793594e+00
   5.5791667e+00   1.2530003e+00
   5.5833333e+00   1.2166424e+00
   5.5875000e+00   1.2172855e+00
   5.5916667e+00   1.2009297e+00
   5.5958333e+00   1.1755750e+00
   5.6000000e+00   1.1482215e+00
   5.6041667e+00   1.1278690e+00
   5.6083333e+00   1.1115177e+00
   5.6125000e+00   1.0741675e+00
   5.6166667e+00   1.0498185e+00
   5.6208333e+00   1.0424706e+00
   5.6250000e+00   1.0161239e+00
   5.6291667e+00   9.9477827e-01
   5.6333333e+00   9.5843386e-01
   5.6375000e+00   9.2609061e-01
   5.6416667e+00   8.9274853e-01
   5.6458333e+00   8.7540766e-01
   5.6500000e+00   8.4706796e-01
   5.6541667e+00   8.1272946e-01
   5.6583333e+00   7.8239218e-01
   5.6625000e+00   7.5305610e-01
   5.6666667e+00   7.3072124e-01
   5.6708333e+00   7.0038760e-01
   5.6750000e+00   6.7105520e-01
   5.6791667e+00   6.3972402e-01
   5.6833333e+00   6.0739410e-01
   5.6875000e+00   5.8306542e-01
   5.6916667e+00   5.6173799e-01
   5.6958333e+00   5.4241184e-01
   5.7000000e+00   5.0708694e-01
   5.7041667e+00   4.9376332e-01
   5.7083333e+00   4.8244098e-01
   5.7125000e+00   4.5911993e-01
   5.7166667e+00   4.4880016e-01
   5.7208333e+00   4.2148170e-01
   5.7250000e+00   4.0716454e-01
   5.7291667e+00   3.8084869e-01
   5.7333333e+00   3.7153417e-01
   5.7375000e+00   3.5522095e-01
   5.7416667e+00   3.5190907e-01
   5.7458333e+00   3.4859853e-01
   5.7500000e+00   3.4128932e-01
   5.7541667e+00   3.3698146e-01
   5.7583333e+00   3.2967496e-01
   5.7625000e+00   3.2236981e-01
   5.7666667e+00   3.2006602e-01
   5.7708333e+00   3.0976361e-01
   5.7750000e+00   3.0146256e-01
   5.7791667e+00   3.1116290e-01
   5.7833333e+00   3.0886463e-01
   5.7875000e+00   3.2656775e-01
   5.7916667e+00   3.3327226e-01
   5.7958333e+00   3.4197819e-01
   5.8000000e+00   3.4768552e-01
   5.8041667e+00   3.5639426e-01
   5.8083333e+00   3.6010443e-01
   5.8125000e+00   3.7381602e-01
   5.8166667e+00   3.8852904e-01
   5.8208333e+00   3.9824350e-01
   5.8250000e+00   3.9995940e-01
   5.8291667e+00   4.3367675e-01
   5.8333333e+00   4.5739556e-01
   5.8375000e+00   4.8211582e-01
   5.8416667e+00   4.8783754e-01
   5.8458333e+00   4.8556074e-01
   5.8500000e+00   5.0728540e-01
   5.8541667e+00   5.3901155e-01
   5.8583333e+00   5.6673919e-01
   5.8625000e+00   5.7646831e-01
   5.8666667e+00   6.2319892e-01
   5.8708333e+00   6.5393104e-01
   5.8750000e+00   6.8866467e-01
   5.8791667e+00   7.1639980e-01
   5.8833333e+00   7.4613645e-01
   5.8875000e+00   7.8587462e-01
   5.8916667e+00   8.0961431e-01
   5.8958333e+00   8.2935554e-01
   5.9000000e+00   8.6009830e-01
   5.9041667e+00   9.0184260e-01
   5.9083333e+00   9.1458845e-01
   5.9125000e+00   9.6433584e-01
   5.9166667e+00   1.0070848e+00
   5.9208333e+00   1.0328353e+00
   5.9250000e+00   1.0625874e+00
   5.9291667e+00   1.0963410e+00
   5.9333333e+00   1.1450962e+00
   5.9375000e+00   1.1538530e+00
   5.9416667e+00   1.1766114e+00
   5.9458333e+00   1.1953714e+00
   5.9500000e+00   1.2061329e+00
   5.9541667e+00   1.2398961e+00
   5.9583333e+00   1.2676609e+00
   5.9625000e+00   1.2764272e+00
   5.9666667e+00   1.3191952e+00
   5.9708333e+00   1.3219648e+00
   5.9750000e+00   1.3497360e+00
   5.9791667e+00   1.3615088e+00
   5.9833333e+00   1.3872833e+00
   5.9875000e+00   1.3980594e+00
   5.9916667e+00   1.4138371e+00
   5.9958333e+00   1.4256165e+00
   6.0000000e+00   1.4303975e+00
   6.0041667e+00   1.4471801e+00
   6.0083333e+00   1.4689644e+00
   6.0125000e+00   1.4827504e+00
   6.0166667e+00   1.4795380e+00
   6.0208333e+00   1.5013273e+00
   6.0250000e+00   1.5011183e+00
   6.0291667e+00   1.5009109e+00
   6.0333333e+00   1.5207052e+00
   6.0375000e+00   1.5115012e+00
   6.0416667e+00   1.5162989e+00
   6.0458333e+00   1.5250983e+00
   6.0500000e+00   1.5198993e+00
   6.0541667e+00   1.5107021e+00
   6.0583333e+00   1.5015066e+00
   6.0625000e+00   1.4893127e+00
   6.0666667e+00   1.4771206e+00
   6.0708333e+00   1.4649302e+00
   6.0750000e+00   1.4537415e+00
   6.0791667e+00   1.4315545e+00
   6.0833333e+00   1.4243692e+00
   6.0875000e+00   1.4081857e+00
   6.0916667e+00   1.3980039e+00
   6.0958333e+00   1.3658238e+00
   6.1000000e+00   1.3846455e+00
   6.1041667e+00   1.3654689e+00
   6.1083333e+00   1.3472940e+00
   6.1125000e+00   1.3241209e+00
   6.1166667e+00   1.3069495e+00
   6.1208333e+00   1.3137799e+00
   6.1250000e+00   1.3296120e+00
   6.1291667e+00   1.3254459e+00
   6.1333333e+00   1.2962816e+00
   6.1375000e+00   1.2451190e+00
   6.1416667e+00   1.2369582e+00
   6.1458333e+00   1.2577992e+00
   6.1500000e+00   1.2336420e+00
   6.1541667e+00   1.1994865e+00
   6.1583333e+00   1.1633328e+00
   6.1625000e+00   1.1311809e+00
   6.1666667e+00   1.1130307e+00
   6.1708333e+00   1.1118824e+00
   6.1750000e+00   1.0907359e+00
   6.1791667e+00   1.0725911e+00
   6.1833333e+00   1.0364481e+00
   6.1875000e+00   1.0133070e+00
   6.1916667e+00   9.7216763e-01
   6.1958333e+00   9.4603009e-01
   6.2000000e+00   9.1389435e-01
   6.2041667e+00   9.1776042e-01
   6.2083333e+00   8.9462831e-01
   6.2125000e+00   8.5949801e-01
   6.2166667e+00   8.3036952e-01
   6.2208333e+00   8.2024286e-01
   6.2250000e+00   8.1011803e-01
   6.2291667e+00   7.8799501e-01
   6.2333333e+00   7.6087383e-01
   6.2375000e+00   7.6575448e-01
   6.2416667e+00   7.5763695e-01
   6.2458333e+00   7.4552127e-01
   6.2500000e+00   7.4340742e-01
   6.2541667e+00   6.9029541e-01
   6.2583333e+00   6.9618524e-01
   6.2625000e+00   6.9507691e-01
   6.2666667e+00   7.1197043e-01
   6.2708333e+00   6.9386579e-01
   6.2750000e+00   6.8576301e-01
   6.2791667e+00   6.7166207e-01
   6.2833333e+00   6.6756299e-01
   6.2875000e+00   6.9246577e-01
   6.2916667e+00   6.7037040e-01
   6.2958333e+00   6.8827689e-01
   6.3000000e+00   7.1518524e-01
   6.3041667e+00   7.2709545e-01
   6.3083333e+00   7.4800753e-01
   6.3125000e+00   7.3792147e-01
   6.3166667e+00   7.4183728e-01
   6.3208333e+00   7.3275496e-01
   6.3250000e+00   7.6967451e-01
   6.3291667e+00   7.8959593e-01
   6.3333333e+00   7.8951923e-01
   6.3375000e+00   7.9644439e-01
   6.3416667e+00   8.1837144e-01
   6.3458333e+00   8.5230036e-01
   6.3500000e+00   8.6223117e-01
   6.3541667e+00   8.8616385e-01
   6.3583333e+00   9.0409841e-01
   6.3625000e+00   9.2603486e-01
   6.3666667e+00   9.6597319e-01
   6.3708333e+00   9.6391341e-01
   6.3750000e+00   1.0068555e+00
   6.3791667e+00   1.0207995e+00
   6.3833333e+00   1.0687454e+00
   6.3875000e+00   1.0686932e+00
   6.3916667e+00   1.0976428e+00
   6.3958333e+00   1.1015944e+00
   6.4000000e+00   1.1275478e+00
   6.4041667e+00   1.1725031e+00
   6.4083333e+00   1.2024604e+00
   6.4125000e+00   1.2564195e+00
   6.4166667e+00   1.2673805e+00
   6.4208333e+00   1.2733435e+00
   6.4250000e+00   1.2963083e+00
   6.4291667e+00   1.3122750e+00
   6.4333333e+00   1.3392436e+00
   6.4375000e+00   1.3782141e+00
   6.4416667e+00   1.4191865e+00
   6.4458333e+00   1.4501608e+00
   6.4500000e+00   1.4951370e+00
   6.4541667e+00   1.5531152e+00
   6.4583333e+00   1.5660952e+00
   6.4625000e+00   1.5840771e+00
   6.4666667e+00   1.6020609e+00
   6.4708333e+00   1.6280466e+00
   6.4750000e+00   1.6740343e+00
   6.4791667e+00   1.7160238e+00
   6.4833333e+00   1.6790152e+00
   6.4875000e+00   1.7350086e+00
   6.4916667e+00   1.7840038e+00
   6.4958333e+00   1.7700010e+00
   6.5000000e+00   1.8100000e+00
   6.5041667e+00   1.8040010e+00
   6.5083333e+00   1.7920038e+00
   6.5125000e+00   1.8060086e+00
   6.5166667e+00   1.8310152e+00
   6.5208333e+00   1.8180238e+00
   6.5250000e+00   1.8380343e+00
   6.5291667e+00   1.8630466e+00
   6.5333333e+00   1.8640609e+00
   6.5375000e+00   1.8390771e+00
   6.5416667e+00   1.8740952e+00
   6.5458333e+00   1.8711152e+00
   6.5500000e+00   1.8731370e+00
   6.5541667e+00   1.8591608e+00
   6.5583333e+00   1.8291865e+00
   6.5625000e+00   1.8322141e+00
   6.5666667e+00   1.8532436e+00
   6.5708333e+00   1.8402750e+00
   6.5750000e+00   1.8573083e+00
   6.5791667e+00   1.8493435e+00
   6.5833333e+00   1.8623805e+00
   6.5875000e+00   1.8594195e+00
   6.5916667e+00   1.8594604e+00
   6.5958333e+00   1.8555031e+00
   6.6000000e+00   1.8465478e+00
   6.6041667e+00   1.8335944e+00
   6.6083333e+00   1.8156428e+00
   6.6125000e+00   1.7766932e+00
   6.6166667e+00   1.7647454e+00
   6.6208333e+00   1.7447995e+00
   6.6250000e+00   1.7388555e+00
   6.6291667e+00   1.6919134e+00
   6.6333333e+00   1.6499732e+00
   6.6375000e+00   1.6560349e+00
   6.6416667e+00   1.6140984e+00
   6.6458333e+00   1.5761638e+00
   6.6500000e+00   1.5942312e+00
   6.6541667e+00   1.5323004e+00
   6.6583333e+00   1.4943714e+00
   6.6625000e+00   1.4904444e+00
   6.6666667e+00   1.4915192e+00
   6.6708333e+00   1.4645959e+00
   6.6750000e+00   1.4456745e+00
   6.6791667e+00   1.4297550e+00
   6.6833333e+00   1.3928373e+00
   6.6875000e+00   1.3729215e+00
   6.6916667e+00   1.3250075e+00
   6.6958333e+00   1.3270955e+00
   6.7000000e+00   1.3341852e+00
   6.7041667e+00   1.2969680e+00
   6.7083333e+00   1.2617536e+00
   6.7125000e+00   1.2415428e+00
   6.7166667e+00   1.2033366e+00
   6.7208333e+00   1.1631358e+00
   6.7250000e+00   1.1389413e+00
   6.7291667e+00   1.1207540e+00
   6.7333333e+00   1.0695749e+00
   6.7375000e+00   1.0514046e+00
   6.7416667e+00   1.0002443e+00
   6.7458333e+00   9.8809465e-01
   6.7500000e+00   9.5695657e-01
   6.7541667e+00   8.9883092e-01
   6.7583333e+00   9.0871857e-01
   6.7625000e+00   8.5562030e-01
   6.7666667e+00   8.8853699e-01
   6.7708333e+00   8.7546947e-01
   6.7750000e+00   8.7141850e-01
   6.7791667e+00   8.5038492e-01
   6.7833333e+00   8.5336953e-01
   6.7875000e+00   8.0037308e-01
   6.7916667e+00   8.3039635e-01
   6.7958333e+00   8.0144012e-01
   6.8000000e+00   8.4150509e-01
   6.8041667e+00   8.4459201e-01
   6.8083333e+00   8.0770162e-01
   6.8125000e+00   7.8083458e-01
   6.8166667e+00   7.8899161e-01
   6.8208333e+00   7.4217338e-01
   6.8250000e+00   7.7138051e-01
   6.8291667e+00   7.6961367e-01
   6.8333333e+00   7.4787350e-01
   6.8375000e+00   7.3916057e-01
   6.8416667e+00   6.9547548e-01
   6.8458333e+00   6.9581882e-01
   6.8500000e+00   7.0019111e-01
   6.8541667e+00   7.0259290e-01
   6.8583333e+00   7.3602472e-01
   6.8625000e+00   7.8348704e-01
   6.8666667e+00   7.6398034e-01
   6.8708333e+00   8.0850510e-01
   6.8750000e+00   8.7906172e-01
   6.8791667e+00   8.7065064e-01
   6.8833333e+00   9.0327224e-01
   6.8875000e+00   9.2192690e-01
   6.8916667e+00   9.7761497e-01
   6.8958333e+00   9.6633678e-01
   6.9000000e+00   9.6109263e-01
   6.9041667e+00   9.9688281e-01
   6.9083333e+00   9.9570758e-01
   6.9125000e+00   1.0305672e+00
   6.9166667e+00   1.0434618e+00
   6.9208333e+00   1.0043917e+00
   6.9250000e+00   1.0423571e+00
   6.9291667e+00   1.0623579e+00
   6.9333333e+00   1.0263945e+00
   6.9375000e+00   1.0774669e+00
   6.9416667e+00   9.9357509e-01
   6.9458333e+00   1.0127192e+00
   6.9500000e+00   1.0118993e+00
   6.9541667e+00   9.6311542e-01
   6.9583333e+00   9.5536744e-01
   6.9625000e+00   9.8165537e-01
   6.9666667e+00   9.8797915e-01
   6.9708333e+00   1.0073387e+00
   6.9750000e+00   1.0047339e+00
   6.9791667e+00   1.0221646e+00
   6.9833333e+00   1.0326306e+00
   6.9875000e+00   1.0431319e+00
   6.9916667e+00   1.0426681e+00
   6.9958333e+00   1.0332391e+00
   7.0000000e+00   1.0348446e+00
   7.0041667e+00   1.0414844e+00
   7.0083333e+00   1.0351581e+00
   7.0125000e+00   1.0718654e+00
   7.0166667e+00   1.0306060e+00
   7.0208333e+00   1.0393795e+00
   7.0250000e+00   1.0361857e+00
   7.0291667e+00   1.0540239e+00
   7.0333333e+00   1.0638939e+00
   7.0375000e+00   1.0647952e+00
   7.0416667e+00   1.1067273e+00
   7.0458333e+00   1.1456898e+00
   7.0500000e+00   1.1386821e+00
   7.0541667e+00   1.1857037e+00
   7.0583333e+00   1.2317541e+00
   7.0625000e+00   1.2918327e+00
   7.0666667e+00   1.3219390e+00
   7.0708333e+00   1.3050723e+00
   7.0750000e+00   1.3112320e+00
   7.0791667e+00   1.3064176e+00
   7.0833333e+00   1.3186283e+00
   7.0875000e+00   1.2938634e+00
   7.0916667e+00   1.2761224e+00
   7.0958333e+00   1.2664045e+00
   7.1000000e+00   1.2457090e+00
   7.1041667e+00   1.2110352e+00
   7.1083333e+00   1.1853824e+00
   7.1125000e+00   1.1787497e+00
   7.1166667e+00   1.1221365e+00
   7.1208333e+00   1.0985419e+00
   7.1250000e+00   1.0789651e+00
   7.1291667e+00   1.0464055e+00
   7.1333333e+00   9.9186208e-01
   7.1375000e+00   9.6433414e-01
   7.1416667e+00   9.2582080e-01
   7.1458333e+00   9.3832120e-01
   7.1500000e+00   9.1583455e-01
   7.1541667e+00   8.8835998e-01
   7.1583333e+00   8.6489658e-01
   7.1625000e+00   8.4844355e-01
   7.1666667e+00   8.1899998e-01
   7.1708333e+00   7.7456496e-01
   7.1750000e+00   7.6913768e-01
   7.1791667e+00   7.2671720e-01
   7.1833333e+00   7.2530261e-01
   7.1875000e+00   6.9089306e-01
   7.1916667e+00   6.5848764e-01
   7.1958333e+00   6.4908540e-01
   7.2000000e+00   6.0968552e-01
   7.2041667e+00   5.8497819e-01
   7.2083333e+00   5.6727226e-01
   7.2125000e+00   5.3456775e-01
   7.2166667e+00   5.1186463e-01
   7.2208333e+00   4.7916290e-01
   7.2250000e+00   4.4346256e-01
   7.2291667e+00   4.0376361e-01
   7.2333333e+00   3.3806602e-01
   7.2375000e+00   3.0336981e-01
   7.2416667e+00   2.8967496e-01
   7.2458333e+00   2.4898146e-01
   7.2500000e+00   2.3428932e-01
   7.2541667e+00   1.8159853e-01
   7.2583333e+00   1.6590907e-01
   7.2625000e+00   1.1422095e-01
   7.2666667e+00   1.0753417e-01
   7.2708333e+00   9.3848692e-02
   7.2750000e+00   7.2164542e-02
   7.2791667e+00   5.5481704e-02
   7.2833333e+00   4.5800161e-02
   7.2875000e+00   3.2119925e-02
   7.2916667e+00   2.7440982e-02
   7.2958333e+00   2.8763317e-02
   7.3000000e+00   8.0869394e-03
   7.3041667e+00   1.5411836e-02
   7.3083333e+00   2.7379926e-03
   7.3125000e+00  -9.9345815e-03
   7.3166667e+00  -6.0590026e-04
   7.3208333e+00   5.7240221e-03
   7.3250000e+00   2.4055195e-02
   7.3291667e+00   4.9387605e-02
   7.3333333e+00   7.1721236e-02
   7.3375000e+00   7.9056100e-02
   7.3416667e+00   8.9392181e-02
   7.3458333e+00   9.2729464e-02
   7.3500000e+00   1.1106796e-01
   7.3541667e+00   1.3240766e-01
   7.3583333e+00   1.6174853e-01
   7.3625000e+00   1.5709061e-01
   7.3666667e+00   1.8443386e-01
   7.3708333e+00   1.9277827e-01
   7.3750000e+00   2.3412386e-01
   7.3791667e+00   2.4847060e-01
   7.3833333e+00   2.8681849e-01
   7.3875000e+00   2.9416754e-01
   7.3916667e+00   3.1351772e-01
   7.3958333e+00   3.2986903e-01
   7.4000000e+00   3.6722147e-01
   7.4041667e+00   3.8457504e-01
   7.4083333e+00   4.0092970e-01
   7.4125000e+00   4.2628548e-01
   7.4166667e+00   4.4164236e-01
   7.4208333e+00   4.7400032e-01
   7.4250000e+00   4.9335938e-01
   7.4291667e+00   5.2171951e-01
   7.4333333e+00   5.4708071e-01
   7.4375000e+00   5.6344298e-01
   7.4416667e+00   5.8280630e-01
   7.4458333e+00   6.1217067e-01
   7.4500000e+00   6.3653610e-01
   7.4541667e+00   6.5390256e-01
   7.4583333e+00   6.6727004e-01
   7.4625000e+00   6.8263855e-01
   7.4666667e+00   7.1500808e-01
   7.4708333e+00   7.4937860e-01
   7.4750000e+00   7.7875014e-01
   7.4791667e+00   8.0012268e-01
   7.4833333e+00   8.3649619e-01
   7.4875000e+00   8.6387069e-01
   7.4916667e+00   8.8524617e-01
   7.4958333e+00   9.2162260e-01
   7.5000000e+00   9.4300000e-01
   7.5041667e+00   9.6037835e-01
   7.5083333e+00   9.6975764e-01
   7.5125000e+00   9.8913788e-01
   7.5166667e+00   1.0065190e+00
   7.5208333e+00   1.0189011e+00
   7.5250000e+00   1.0352841e+00
   7.5291667e+00   1.0536680e+00
   7.5333333e+00   1.0680528e+00
   7.5375000e+00   1.0884385e+00
   7.5416667e+00   1.1028251e+00
   7.5458333e+00   1.1092126e+00
   7.5500000e+00   1.1246010e+00
   7.5541667e+00   1.1319902e+00
   7.5583333e+00   1.1293802e+00
   7.5625000e+00   1.1257711e+00
   7.5666667e+00   1.1151629e+00
   7.5708333e+00   1.1245555e+00
   7.5750000e+00   1.1119489e+00
   7.5791667e+00   1.1083431e+00
   7.5833333e+00   1.1107382e+00
   7.5875000e+00   1.1041340e+00
   7.5916667e+00   1.0915307e+00
   7.5958333e+00   1.0749281e+00
   7.6000000e+00   1.0553263e+00
   7.6041667e+00   1.0267253e+00
   7.6083333e+00   1.0231251e+00
   7.6125000e+00   1.0055256e+00
   7.6166667e+00   9.7992689e-01
   7.6208333e+00   9.4332890e-01
   7.6250000e+00   9.2973166e-01
   7.6291667e+00   8.9413514e-01
   7.6333333e+00   8.7653934e-01
   7.6375000e+00   8.6194426e-01
   7.6416667e+00   8.3834988e-01
   7.6458333e+00   8.0575619e-01
   7.6500000e+00   7.7716321e-01
   7.6541667e+00   7.4257090e-01
   7.6583333e+00   7.1797926e-01
   7.6625000e+00   6.9738829e-01
   7.6666667e+00   6.6879799e-01
   7.6708333e+00   6.3620832e-01
   7.6750000e+00   6.0061931e-01
   7.6791667e+00   5.6703094e-01
   7.6833333e+00   5.1844318e-01
   7.6875000e+00   4.8285605e-01
   7.6916667e+00   4.4726954e-01
   7.6958333e+00   4.0968362e-01
   7.7000000e+00   3.8709830e-01
   7.7041667e+00   3.4051357e-01
   7.7083333e+00   3.0192942e-01
   7.7125000e+00   2.7534584e-01
   7.7166667e+00   2.2376283e-01
   7.7208333e+00   1.8218037e-01
   7.7250000e+00   1.4259847e-01
   7.7291667e+00   1.0501710e-01
   7.7333333e+00   6.3436261e-02
   7.7375000e+00   2.1855955e-02
   7.7416667e+00  -7.7238342e-03
   7.7458333e+00  -5.1303125e-02
   7.7500000e+00  -7.1881905e-02
   7.7541667e+00  -1.2346019e-01
   7.7583333e+00  -1.5503800e-01
   7.7625000e+00  -1.8561533e-01
   7.7666667e+00  -2.2719219e-01
   7.7708333e+00  -2.5976859e-01
   7.7750000e+00  -2.8434454e-01
   7.7791667e+00  -3.0892004e-01
   7.7833333e+00  -3.3149511e-01
   7.7875000e+00  -3.6206974e-01
   7.7916667e+00  -3.7664396e-01
   7.7958333e+00  -3.9621777e-01
   7.8000000e+00  -3.9679117e-01
   7.8041667e+00  -4.2036417e-01
   7.8083333e+00  -4.3093680e-01
   7.8125000e+00  -4.4450903e-01
   7.8166667e+00  -4.4608090e-01
   7.8208333e+00  -4.4465241e-01
   7.8250000e+00  -4.4022355e-01
   7.8291667e+00  -4.3879435e-01
   7.8333333e+00  -4.4036482e-01
   7.8375000e+00  -4.4993495e-01
   7.8416667e+00  -4.4750476e-01
   7.8458333e+00  -4.4107426e-01
   7.8500000e+00  -4.3564345e-01
   7.8541667e+00  -4.1221234e-01
   7.8583333e+00  -4.1178094e-01
   7.8625000e+00  -3.8334926e-01
   7.8666667e+00  -3.7591731e-01
   7.8708333e+00  -3.5148510e-01
   7.8750000e+00  -3.3105262e-01
   7.8791667e+00  -3.0661989e-01
   7.8833333e+00  -2.9518694e-01
   7.8875000e+00  -2.7375374e-01
   7.8916667e+00  -2.6732032e-01
   7.8958333e+00  -2.4688669e-01
   7.9000000e+00  -2.2845285e-01
   7.9041667e+00  -2.0101880e-01
   7.9083333e+00  -1.7658458e-01
   7.9125000e+00  -1.5315016e-01
   7.9166667e+00  -1.1971557e-01
   7.9208333e+00  -9.7280824e-02
   7.9250000e+00  -6.8845910e-02
   7.9291667e+00  -3.1410846e-02
   7.9333333e+00  -9.7565086e-04
   7.9375000e+00   2.2459687e-02
   7.9416667e+00   4.6895150e-02
   7.9458333e+00   7.0330718e-02
   7.9500000e+00   9.2766404e-02
   7.9541667e+00   1.0220219e-01
   7.9583333e+00   1.3163806e-01
   7.9625000e+00   1.6507402e-01
   7.9666667e+00   1.9451005e-01
   7.9708333e+00   2.3294615e-01
   7.9750000e+00   2.6738231e-01
   7.9791667e+00   3.0481851e-01
   7.9833333e+00   3.4325476e-01
   7.9875000e+00   3.7169104e-01
   7.9916667e+00   4.0212735e-01
   7.9958333e+00   4.3356367e-01
   8.0000000e+00   4.6000000e-01
   8.0041667e+00   4.8300000e-01
   8.0083333e+00   5.0800000e-01
   8.0125000e+00   5.3900000e-01
   8.0166667e+00   5.5700000e-01
   8.0208333e+00   5.9300000e-01
   8.0250000e+00   6.1700000e-01
   8.0291667e+00   6.4000000e-01
   8.0333333e+00   6.6500000e-01
   8.0375000e+00   6.7800000e-01
   8.0416667e+00   6.8900000e-01
   8.0458333e+00   6.9500000e-01
   8.0500000e+00   7.0400000e-01
   8.0541667e+00   7.1500000e-01
   8.0583333e+00   7.0500000e-01
   8.0625000e+00   7.1300000e-01
   8.0666667e+00   7.2100000e-01
   8.0708333e+00   7.1700000e-01
   8.0750000e+00   7.2100000e-01
   8.0791667e+00   7.3400000e-01
   8.0833333e+00   7.3400000e-01
   8.0875000e+00   7.3500000e-01
   8.0916667e+00   7.4300000e-01
   8.0958333e+00   7.4700000e-01
   8.1000000e+00   7.3900000e-01
   8.1041667e+00   7.2800000e-01
   8.1083333e+00   7.2000000e-01
   8.1125000e+00   7.1600000e-01
   8.1166667e+00   7.1400000e-01
   8.1208333e+00   7.1500000e-01
   8.1250000e+00   7.1400000e-01
   8.1291667e+00   6.9300000e-01
   8.1333333e+00   6.8700000e-01
   8.1375000e+00   6.7500000e-01
   8.1416667e+00   6.5300000e-01
   8.1458333e+00   6.3600000e-01
   8.1500000e+00   6.2600000e-01
   8.1541667e+00   5.8800000e-01
   8.1583333e+00   5.5600000e-01
   8.1625000e+00   5.3500000e-01
   8.1666667e+00   5.1200000e-01
   8.1708333e+00   4.8300000e-01
   8.1750000e+00   4.5800000e-01
   8.1791667e+00   4.4500000e-01
   8.1833333e+00   4.2700000e-01
   8.1875000e+00   3.8000000e-01
   8.1916667e+00   3.6600000e-01
   8.1958333e+00   3.5100000e-01
   8.2000000e+00   3.1300000e-01
   8.2041667e+00   2.8600000e-01
   8.2083333e+00   2.5500000e-01
   8.2125000e+00   2.2100000e-01
   8.2166667e+00   1.8000000e-01
   8.2208333e+00   1.3800000e-01
   8.2250000e+00   1.1500000e-01
   8.2291667e+00   7.8000000e-02
   8.2333333e+00   6.3000000e-02
   8.2375000e+00   3.2000000e-02
   8.2416667e+00   1.2000000e-02
   8.2458333e+00  -1.6000000e-02
   8.2500000e+00  -2.2000000e-02
   8.2541667e+00  -4.8000000e-02
   8.2583333e+00  -6.5000000e-02
   8.2625000e+00  -1.0100000e-01
   8.2666667e+00  -1.2900000e-01
   8.2708333e+00  -1.5000000e-01
   8.2750000e+00  -1.6400000e-01
   8.2791667e+00  -1.6700000e-01
   8.2833333e+00  -1.9300000e-01
   8.2875000e+00  -1.9600000e-01
   8.2916667e+00  -2.0600000e-01
   8.2958333e+00  -2.0300000e-01
   8.3000000e+00  -2.1500000e-01
   8.3041667e+00  -2.1100000e-01
   8.3083333e+00  -2.0500000e-01
   8.3125000e+00  -2.0700000e-01
   8.3166667e+00  -2.0300000e-01
   8.3208333e+00  -1.9500000e-01
   8.3250000e+00  -2.0600000e-01
   8.3291667e+00  -2.0700000e-01
   8.3333333e+00  -1.9300000e-01
   8.3375000e+00  -1.6400000e-01
   8.3416667e+00  -1.5500000e-01
   8.3458333e+00  -1.5400000e-01
   8.3500000e+00  -1.4200000e-01
   8.3541667e+00  -1.2100000e-01
   8.3583333e+00  -1.0100000e-01
   8.3625000e+00  -8.6000000e-02
   8.3666667e+00  -6.3000000e-02
   8.3708333e+00  -4.2000000e-02
   8.3750000e+00  -2.1000000e-02
   8.3791667e+00   1.0000000e-03
   8.3833333e+00   2.3000000e-02
   8.3875000e+00   4.6000000e-02
   8.3916667e+00   6.9000000e-02
   8.3958333e+00   9.3000000e-02
   8.4000000e+00   1.1700000e-01
   8.4041667e+00   1.4200000e-01
   8.4083333e+00   1.6700000e-01
   8.4125000e+00   1.9200000e-01
   8.4166667e+00   2.1800000e-01
   8.4208333e+00   2.4400000e-01
   8.4250000e+00   2.7000000e-01
   8.4291667e+00   2.9700000e-01
   8.4333333e+00   3.2400000e-01
   8.4375000e+00   3.5100000e-01
   8.4416667e+00   3.7800000e-01
   8.4458333e+00   4.0500000e-01
   8.4500000e+00   4.3200000e-01
   8.4541667e+00   4.6000000e-01
   8.4583333e+00   4.8800000e-01
   8.4625000e+00   5.1500000e-01
   8.4666667e+00   5.4300000e-01
   8.4708333e+00   5.7100000e-01
   8.4750000e+00   5.9800000e-01
   8.4791667e+00   6.2600000e-01
   8.4833333e+00   6.5400000e-01
   8.4875000e+00   6.8100000e-01
   8.4916667e+00   7.0800000e-01
   8.4958333e+00   7.3600000e-01
   8.5000000e+00   7.6300000e-01
   8.5041667e+00   7.9000000e-01
   8.5083333e+00   8.1600000e-01
   8.5125000e+00   8.4300000e-01
   8.5166667e+00   8.6900000e-01
   8.5208333e+00   8.9400000e-01
   8.5250000e+00   9.2000000e-01
   8.5291667e+00   9.4500000e-01
   8.5333333e+00   9.7000000e-01
   8.5375000e+00   9.9400000e-01
   8.5416667e+00   1.0180000e+00
   8.5458333e+00   1.0420000e+00
   8.5500000e+00   1.0610000e+00
   8.5541667e+00   1.0720000e+00
   8.5583333e+00   1.0950000e+00
   8.5625000e+00   1.1160000e+00
   8.5666667e+00   1.1270000e+00
   8.5708333e+00   1.1320000e+00
   8.5750000e+00   1.1310000e+00
   8.5791667e+00   1.1370000e+00
   8.5833333e+00   1.1370000e+00
   8.5875000e+00   1.1340000e+00
   8.5916667e+00   1.1230000e+00
   8.5958333e+00   1.1140000e+00
   8.6000000e+00   1.1130000e+00
   8.6041667e+00   1.1000000e+00
   8.6083333e+00   1.0910000e+00
   8.6125000e+00   1.0750000e+00
   8.6166667e+00   1.0620000e+00
   8.6208333e+00   1.0350000e+00
   8.6250000e+00   1.0220000e+00
   8.6291667e+00   1.0000000e+00
   8.6333333e+00   9.8600000e-01
   8.6375000e+00   9.6400000e-01
   8.6416667e+00   9.4200000e-01
   8.6458333e+00   9.3000000e-01
   8.6500000e+00   9.0900000e-01
   8.6541667e+00   8.7700000e-01
   8.6583333e+00   8.6100000e-01
   8.6625000e+00   8.4100000e-01
   8.6666667e+00   8.0500000e-01
   8.6708333e+00   7.7200000e-01
   8.6750000e+00   7.5400000e-01
   8.6791667e+00   7.3200000e-01
   8.6833333e+00   6.9500000e-01
   8.6875000e+00   6.4400000e-01
   8.6916667e+00   6.1100000e-01
   8.6958333e+00   5.9300000e-01
   8.7000000e+00   5.6500000e-01
   8.7041667e+00   5.2400000e-01
   8.7083333e+00   4.8600000e-01
   8.7125000e+00   4.4100000e-01
   8.7166667e+00   4.1300000e-01
   8.7208333e+00   3.7000000e-01
   8.7250000e+00   3.5000000e-01
   8.7291667e+00   3.1000000e-01
   8.7333333e+00   2.8000000e-01
   8.7375000e+00   2.4500000e-01
   8.7416667e+00   2.0300000e-01
   8.7458333e+00   1.6900000e-01
   8.7500000e+00   1.4500000e-01
   8.7541667e+00   1.0500000e-01
   8.7583333e+00   6.9000000e-02
   8.7625000e+00   4.5000000e-02
   8.7666667e+00   1.9000000e-02
   8.7708333e+00  -9.0000000e-03
   8.7750000e+00  -1.5000000e-02
   8.7791667e+00  -5.6000000e-02
   8.7833333e+00  -8.2000000e-02
   8.7875000e+00  -1.2000000e-01
   8.7916667e+00  -1.3500000e-01
   8.7958333e+00  -1.6100000e-01
   8.8000000e+00  -1.9700000e-01
   8.8041667e+00  -2.1100000e-01
   8.8083333e+00  -2.3200000e-01
   8.8125000e+00  -2.5300000e-01
   8.8166667e+00  -2.7100000e-01
   8.8208333e+00  -2.9000000e-01
   8.8250000e+00  -3.0400000e-01
   8.8291667e+00  -3.0800000e-01
   8.8333333e+00  -3.3100000e-01
   8.8375000e+00  -3.3000000e-01
   8.8416667e+00  -3.3100000e-01
   8.8458333e+00  -3.3400000e-01
   8.8500000e+00  -3.2300000e-01
   8.8541667e+00  -3.1900000e-01
   8.8583333e+00  -3.2700000e-01
   8.8625000e+00  -3.2400000e-01
   8.8666667e+00  -3.3400000e-01
   8.8708333e+00  -3.1400000e-01
   8.8750000e+00  -3.1600000e-01
   8.8791667e+00  -2.9800000e-01
   8.8833333e+00  -2.8400000e-01
   8.8875000e+00  -2.6100000e-01
   8.8916667e+00  -2.5000000e-01
   8.8958333e+00  -2.2500000e-01
   8.9000000e+00  -2.1800000e-01
   8.9041667e+00  -2.0600000e-01
   8.9083333e+00  -2.0300000e-01
   8.9125000e+00  -1.8300000e-01
   8.9166667e+00  -1.6200000e-01
   8.9208333e+00  -1.4000000e-01
   8.9250000e+00  -1.1500000e-01
   8.9291667e+00  -1.1000000e-01
   8.9333333e+00  -9.5000000e-02
   8.9375000e+00  -5.8000000e-02
   8.9416667e+00  -2.7000000e-02
   8.9458333e+00  -6.0000000e-03
   8.9500000e+00   1.6000000e-02
   8.9541667e+00   5.2000000e-02
   8.9583333e+00   7.9000000e-02
   8.9625000e+00   1.1700000e-01
   8.9666667e+00   1.2900000e-01
   8.9708333e+00   1.4200000e-01
   8.9750000e+00   1.7400000e-01
   8.9791667e+00   2.0400000e-01
   8.9833333e+00   2.3100000e-01
   8.9875000e+00   2.6000000e-01
   8.9916667e+00   2.8300000e-01
   8.9958333e+00   3.1400000e-01
   9.0000000e+00   3.3600000e-01
   9.0041667e+00   3.7100000e-01
   9.0083333e+00   3.9600000e-01
   9.0125000e+00   4.2000000e-01
   9.0166667e+00   4.4900000e-01
   9.0208333e+00   4.8000000e-01
   9.0250000e+00   5.0200000e-01
   9.0291667e+00   5.2000000e-01
   9.0333333e+00   5.3600000e-01
   9.0375000e+00   5.5800000e-01
   9.0416667e+00   5.7900000e-01
   9.0458333e+00   5.9400000e-01
   9.0500000e+00   6.1000000e-01
   9.0541667e+00   6.2800000e-01
   9.0583333e+00   6.4500000e-01
   9.0625000e+00   6.5900000e-01
   9.0666667e+00   6.6500000e-01
   9.0708333e+00   6.7400000e-01
   9.0750000e+00   6.7900000e-01
   9.0791667e+00   6.9300000e-01
   9.0833333e+00   7.0900000e-01
   9.0875000e+00   7.1000000e-01
   9.0916667e+00   6.9800000e-01
   9.0958333e+00   7.0500000e-01
   9.1000000e+00   7.0600000e-01
   9.1041667e+00   7.0900000e-01
   9.1083333e+00   7.1100000e-01
   9.1125000e+00   7.1500000e-01
   9.1166667e+00   7.1800000e-01
   9.1208333e+00   7.2200000e-01
   9.1250000e+00   7.2700000e-01
   9.1291667e+00   7.2100000e-01
   9.1333333e+00   7.0200000e-01
   9.1375000e+00   6.9700000e-01
   9.1416667e+00   6.8500000e-01
   9.1458333e+00   6.6800000e-01
   9.1500000e+00   6.4300000e-01
   9.1541667e+00   6.4100000e-01
   9.1583333e+00   6.2600000e-01
   9.1625000e+00   6.1500000e-01
   9.1666667e+00   5.9600000e-01
   9.1708333e+00   5.7600000e-01
   9.1750000e+00   5.5300000e-01
   9.1791667e+00   5.3200000e-01
   9.1833333e+00   5.1000000e-01
   9.1875000e+00   4.8300000e-01
   9.1916667e+00   4.5400000e-01
   9.1958333e+00   4.3100000e-01
   9.2000000e+00   4.0400000e-01
   9.2041667e+00   3.7900000e-01
   9.2083333e+00   3.5200000e-01
   9.2125000e+00   3.3600000e-01
   9.2166667e+00   3.1000000e-01
   9.2208333e+00   2.8100000e-01
   9.2250000e+00   2.5800000e-01
   9.2291667e+00   2.3100000e-01
   9.2333333e+00   1.9700000e-01
   9.2375000e+00   1.6500000e-01
   9.2416667e+00   1.4700000e-01
   9.2458333e+00   1.1500000e-01
   9.2500000e+00   8.3000000e-02
   9.2541667e+00   6.4000000e-02
   9.2583333e+00   4.5000000e-02
   9.2625000e+00   3.0000000e-02
   9.2666667e+00   3.0000000e-03
   9.2708333e+00  -3.1000000e-02
   9.2750000e+00  -6.1000000e-02
   9.2791667e+00  -8.0000000e-02
   9.2833333e+00  -1.0400000e-01
   9.2875000e+00  -1.3000000e-01
   9.2916667e+00  -1.5900000e-01
   9.2958333e+00  -1.6900000e-01
   9.3000000e+00  -1.8800000e-01
   9.3041667e+00  -2.1000000e-01
   9.3083333e+00  -2.1100000e-01
   9.3125000e+00  -2.2700000e-01
   9.3166667e+00  -2.2800000e-01
   9.3208333e+00  -2.4600000e-01
   9.3250000e+00  -2.5100000e-01
   9.3291667e+00  -2.6100000e-01
   9.3333333e+00  -2.5900000e-01
   9.3375000e+00  -2.6000000e-01
   9.3416667e+00  -2.6200000e-01
   9.3458333e+00  -2.6000000e-01
   9.3500000e+00  -2.4700000e-01
   9.3541667e+00  -2.4700000e-01
   9.3583333e+00  -2.4000000e-01
   9.3625000e+00  -2.4200000e-01
   9.3666667e+00  -2.3400000e-01
   9.3708333e+00  -2.2400000e-01
   9.3750000e+00  -2.2000000e-01
   9.3791667e+00  -1.9900000e-01
   9.3833333e+00  -1.9200000e-01
   9.3875000e+00  -1.8000000e-01
   9.3916667e+00  -1.7600000e-01
   9.3958333e+00  -1.5600000e-01
   9.4000000e+00  -1.3400000e-01
   9.4041667e+00  -1.2300000e-01
   9.4083333e+00  -1.1200000e-01
   9.4125000e+00  -9.0000000e-02
   9.4166667e+00  -7.6000000e-02
   9.4208333e+00  -4.7000000e-02
   9.4250000e+00  -3.0000000e-02
   9.4291667e+00  -4.0000000e-03
   9.4333333e+00   2.6000000e-02
   9.4375000e+00   5.6000000e-02
   9.4416667e+00   8.6000000e-02
   9.4458333e+00   1.1900000e-01
   9.4500000e+00   1.3400000e-01
   9.4541667e+00   1.6300000e-01
   9.4583333e+00   1.9200000e-01
   9.4625000e+00   2.2200000e-01
   9.4666667e+00   2.5300000e-01
   9.4708333e+00   2.8400000e-01
   9.4750000e+00   3.1600000e-01
   9.4791667e+00   3.4800000e-01
   9.4833333e+00   3.8000000e-01
   9.4875000e+00   4.1200000e-01
   9.4916667e+00   4.4400000e-01
   9.4958333e+00   4.7600000e-01
   9.5000000e+00   5.0900000e-01
   9.5041667e+00   5.4100000e-01
   9.5083333e+00   5.7200000e-01
   9.5125000e+00   6.0300000e-01
   9.5166667e+00   6.3300000e-01
   9.5208333e+00   6.5700000e-01
   9.5250000e+00   6.8400000e-01
   9.5291667e+00   7.1800000e-01
   9.5333333e+00   7.5300000e-01
   9.5375000e+00   7.8000000e-01
   9.5416667e+00   8.0700000e-01
   9.5458333e+00   8.3200000e-01
   9.5500000e+00   8.5500000e-01
   9.5541667e+00   8.7100000e-01
   9.5583333e+00   9.0100000e-01
   9.5625000e+00   9.1200000e-01
   9.5666667e+00   9.3200000e-01
   9.5708333e+00   9.3900000e-01
   9.5750000e+00   9.4400000e-01
   9.5791667e+00   9.5800000e-01
   9.5833333e+00   9.7000000e-01
   9.5875000e+00   9.9100000e-01
   9.5916667e+00   9.9600000e-01
   9.5958333e+00   1.0010000e+00
   9.6000000e+00   9.9900000e-01
   9.6041667e+00   1.0030000e+00
   9.6083333e+00   1.0030000e+00
   9.6125000e+00   1.0050000e+00
   9.6166667e+00   1.0050000e+00
   9.6208333e+00   1.0000000e+00
   9.6250000e+00   9.9400000e-01
   9.6291667e+00   9.8100000e-01
   9.6333333e+00   9.7300000e-01
   9.6375000e+00   9.6900000e-01
   9.6416667e+00   9.5500000e-01
   9.6458333e+00   9.4000000e-01
   9.6500000e+00   9.2700000e-01
   9.6541667e+00   9.1200000e-01
   9.6583333e+00   9.0000000e-01
   9.6625000e+00   8.8700000e-01
   9.6666667e+00   8.6000000e-01
   9.6708333e+00   8.4100000e-01
   9.6750000e+00   8.2800000e-01
   9.6791667e+00   8.0300000e-01
   9.6833333e+00   7.7500000e-01
   9.6875000e+00   7.4500000e-01
   9.6916667e+00   7.1400000e-01
   9.6958333e+00   6.9300000e-01
   9.7000000e+00   6.5900000e-01
   9.7041667e+00   6.1800000e-01
   9.7083333e+00   5.9400000e-01
   9.7125000e+00   5.6800000e-01
   9.7166667e+00   5.3600000e-01
   9.7208333e+00   5.0400000e-01
   9.7250000e+00   4.6300000e-01
   9.7291667e+00   4.3400000e-01
   9.7333333e+00   3.9700000e-01
   9.7375000e+00   3.7500000e-01
   9.7416667e+00   3.3600000e-01
   9.7458333e+00   2.9300000e-01
   9.7500000e+00   2.5900000e-01
   9.7541667e+00   2.3300000e-01
   9.7583333e+00   1.9400000e-01
   9.7625000e+00   1.6900000e-01
   9.7666667e+00   1.2900000e-01
   9.7708333e+00   9.5000000e-02
   9.7750000e+00   5.3000000e-02
   9.7791667e+00   3.3000000e-02
   9.7833333e+00  -1.2000000e-02
   9.7875000e+00  -4.2000000e-02
   9.7916667e+00  -8.3000000e-02
   9.7958333e+00  -1.0500000e-01
   9.8000000e+00  -1.3000000e-01
   9.8041667e+00  -1.5500000e-01
   9.8083333e+00  -1.8800000e-01
   9.8125000e+00  -2.1400000e-01
   9.8166667e+00  -2.3900000e-01
   9.8208333e+00  -2.6800000e-01
   9.8250000e+00  -2.8700000e-01
   9.8291667e+00  -3.0900000e-01
   9.8333333e+00  -3.2000000e-01
   9.8375000e+00  -3.3700000e-01
   9.8416667e+00  -3.5100000e-01
   9.8458333e+00  -3.6300000e-01
   9.8500000e+00  -3.8200000e-01
   9.8541667e+00  -3.8500000e-01
   9.8583333e+00  -3.9700000e-01
   9.8625000e+00  -3.9400000e-01
   9.8666667e+00  -3.9700000e-01
   9.8708333e+00  -3.9500000e-01
   9.8750000e+00  -4.0300000e-01
   9.8791667e+00  -3.8600000e-01
   9.8833333e+00  -3.7100000e-01
   9.8875000e+00  -3.6400000e-01
   9.8916667e+00  -3.5600000e-01
   9.8958333e+00  -3.4800000e-01
   9.9000000e+00  -3.3100000e-01
   9.9041667e+00  -3.2400000e-01
   9.9083333e+00  -3.2000000e-01
   9.9125000e+00  -3.1100000e-01
   9.9166667e+00  -3.1600000e-01
   9.9208333e+00  -3.0500000e-01
   9.9250000e+00  -2.9600000e-01
   9.9291667e+00  -2.8400000e-01
   9.9333333e+00  -2.6200000e-01
   9.9375000e+00  -2.4400000e-01
   9.9416667e+00  -2.1800000e-01
   9.9458333e+00  -2.0900000e-01
   9.9500000e+00  -1.8500000e-01
   9.9541667e+00  -1.6300000e-01
   9.9583333e+00  -1.4100000e-01
   9.9625000e+00  -1.2500000e-01
   9.9666667e+00  -1.0700000e-01
   9.9708333e+00  -9.2000000e-02
   9.9750000e+00  -6.8000000e-02
   9.9791667e+00  -5.2000000e-02
   9.9833333e+00  -2.5000000e-02
   9.9875000e+00   1.0000000e-03
   9.9916667e+00   2.4000000e-02
   9.9958333e+00   5.4000000e-02
   1.0000000e+01   8.0000000e-02
   1.0004167e+01   1.1500000e-01
   1.0008333e+01   1.5200000e-01
   1.0012500e+01   1.7700000e-01
   1.0016667e+01   1.9700000e-01
   1.0020833e+01   2.1800000e-01
   1.0025000e+01   2.4800000e-01
   1.0029167e+01   2.6800000e-01
   1.0033333e+01   2.8800000e-01
   1.0037500e+01   3.1800000e-01
   1.0041667e+01   3.4800000e-01
   1.0045833e+01   3.6700000e-01
   1.0050000e+01   3.9100000e-01
   1.0054167e+01   4.1000000e-01
   1.0058333e+01   4.2600000e-01
   1.0062500e+01   4.4400000e-01
   1.0066667e+01   4.5900000e-01
   1.0070833e+01   4.7400000e-01
   1.0075000e+01   4.9500000e-01
   1.0079167e+01   5.1500000e-01
   1.0083333e+01   5.2900000e-01
   1.0087500e+01   5.4300000e-01
   1.0091667e+01   5.5500000e-01
   1.0095833e+01   5.6500000e-01
   1.0100000e+01   5.7300000e-01
   1.0104167e+01   5.8100000e-01
   1.0108333e+01   5.8600000e-01
   1.0112500e+01   5.9900000e-01
   1.0116667e+01   6.0600000e-01
   1.0120833e+01   6.0300000e-01
   1.0125000e+01   6.0700000e-01
   1.0129167e+01   6.1300000e-01
   1.0133333e+01   6.1500000e-01
   1.0137500e+01   6.2000000e-01
   1.0141667e+01   6.1600000e-01
   1.0145833e+01   6.1300000e-01
   1.0150000e+01   6.0700000e-01
   1.0154167e+01   6.0400000e-01
   1.0158333e+01   5.9600000e-01
   1.0162500e+01   5.8500000e-01
   1.0166667e+01   5.7700000e-01
   1.0170833e+01   5.6000000e-01
   1.0175000e+01   5.4400000e-01
   1.0179167e+01   5.3200000e-01
   1.0183333e+01   5.1500000e-01
   1.0187500e+01   4.9500000e-01
   1.0191667e+01   4.7200000e-01
   1.0195833e+01   4.4800000e-01
   1.0200000e+01   4.3600000e-01
   1.0204167e+01   4.1300000e-01
   1.0208333e+01   3.8700000e-01
   1.0212500e+01   3.5600000e-01
   1.0216667e+01   3.3700000e-01
   1.0220833e+01   3.1000000e-01
   1.0225000e+01   2.7900000e-01
   1.0229167e+01   2.5600000e-01
   1.0233333e+01   2.3900000e-01
   1.0237500e+01   2.0100000e-01
   1.0241667e+01   1.7200000e-01
   1.0245833e+01   1.4200000e-01
   1.0250000e+01   1.1900000e-01
   1.0254167e+01   9.1000000e-02
   1.0258333e+01   6.3000000e-02
   1.0262500e+01   3.0000000e-02
   1.0266667e+01   1.3000000e-02
   1.0270833e+01  -1.5000000e-02
   1.0275000e+01  -3.5000000e-02
   1.0279167e+01  -6.6000000e-02
   1.0283333e+01  -9.3000000e-02
   1.0287500e+01  -1.2300000e-01
   1.0291667e+01  -1.4400000e-01
   1.0295833e+01  -1.7000000e-01
   1.0300000e+01  -1.9300000e-01
   1.0304167e+01  -2.1300000e-01
   1.0308333e+01  -2.3800000e-01
   1.0312500e+01  -2.6100000e-01
   1.0316667e+01  -2.8000000e-01
   1.0320833e+01  -2.9900000e-01
   1.0325000e+01  -3.0900000e-01
   1.0329167e+01  -3.2400000e-01
   1.0333333e+01  -3.3300000e-01
   1.0337500e+01  -3.4500000e-01
   1.0341667e+01  -3.5600000e-01
   1.0345833e+01  -3.6900000e-01
   1.0350000e+01  -3.7500000e-01
   1.0354167e+01  -3.8100000e-01
   1.0358333e+01  -3.8900000e-01
   1.0362500e+01  -3.9200000e-01
   1.0366667e+01  -3.9000000e-01
   1.0370833e+01  -3.8800000e-01
   1.0375000e+01  -3.8300000e-01
   1.0379167e+01  -3.7900000e-01
   1.0383333e+01  -3.7300000e-01
   1.0387500e+01  -3.6700000e-01
   1.0391667e+01  -3.5800000e-01
   1.0395833e+01  -3.4900000e-01
   1.0400000e+01  -3.4200000e-01
   1.0404167e+01  -3.4100000e-01
   1.0408333e+01  -3.2800000e-01
   1.0412500e+01  -3.1500000e-01
   1.0416667e+01  -3.0100000e-01
   1.0420833e+01  -2.9200000e-01
   1.0425000e+01  -2.7800000e-01
   1.0429167e+01  -2.5700000e-01
   1.0433333e+01  -2.4400000e-01
   1.0437500e+01  -2.2000000e-01
   1.0441667e+01  -2.0100000e-01
   1.0445833e+01  -1.8600000e-01
   1.0450000e+01  -1.7200000e-01
   1.0454167e+01  -1.5200000e-01
   1.0458333e+01  -1.3400000e-01
   1.0462500e+01  -1.0400000e-01
   1.0466667e+01  -8.1000000e-02
   1.0470833e+01  -5.4000000e-02
   1.0475000e+01  -2.9000000e-02
   1.0479167e+01  -2.0000000e-03
   1.0483333e+01   2.7000000e-02
   1.0487500e+01   5.6000000e-02
   1.0491667e+01   8.3000000e-02
   1.0495833e+01   1.1100000e-01
   1.0500000e+01   1.4000000e-01
   1.0504167e+01   1.7100000e-01
   1.0508333e+01   1.9700000e-01
   1.0512500e+01   2.3100000e-01
   1.0516667e+01   2.5500000e-01
   1.0520833e+01   2.8600000e-01
   1.0525000e+01   3.1300000e-01
   1.0529167e+01   3.5700000e-01
   1.0533333e+01   3.8900000e-01
   1.0537500e+01   4.2300000e-01
   1.0541667e+01   4.5400000e-01
   1.0545833e+01   4.7700000e-01
   1.0550000e+01   4.9800000e-01
   1.0554167e+01   5.3000000e-01
   1.0558333e+01   5.5300000e-01
   1.0562500e+01   5.7100000e-01
   1.0566667e+01   5.9300000e-01
   1.0570833e+01   6.2000000e-01
   1.0575000e+01   6.5000000e-01
   1.0579167e+01   6.7200000e-01
   1.0583333e+01   6.9600000e-01
   1.0587500e+01   7.0800000e-01
   1.0591667e+01   7.2700000e-01
   1.0595833e+01   7.4800000e-01
   1.0600000e+01   7.5600000e-01
   1.0604167e+01   7.7500000e-01
   1.0608333e+01   7.8300000e-01
   1.0612500e+01   7.9800000e-01
   1.0616667e+01   7.9900000e-01
   1.0620833e+01   8.1400000e-01
   1.0625000e+01   8.1600000e-01
   1.0629167e+01   8.2300000e-01
   1.0633333e+01   8.2500000e-01
   1.0637500e+01   8.3100000e-01
   1.0641667e+01   8.2600000e-01
   1.0645833e+01   8.2200000e-01
   1.0650000e+01   8.1700000e-01
   1.0654167e+01   7.9700000e-01
   1.0658333e+01   8.0100000e-01
   1.0662500e+01   8.0200000e-01
   1.0666667e+01   8.0700000e-01
   1.0670833e+01   7.9400000e-01
   1.0675000e+01   7.7200000e-01
   1.0679167e+01   7.4000000e-01
   1.0683333e+01   7.3800000e-01
   1.0687500e+01   7.2300000e-01
   1.0691667e+01   7.0300000e-01
   1.0695833e+01   6.9200000e-01
   1.0700000e+01   6.8200000e-01
   1.0704167e+01   6.7400000e-01
   1.0708333e+01   6.5500000e-01
   1.0712500e+01   6.2700000e-01
   1.0716667e+01   6.2100000e-01
   1.0720833e+01   6.0900000e-01
   1.0725000e+01   5.8200000e-01
   1.0729167e+01   5.6700000e-01
   1.0733333e+01   5.3900000e-01
   1.0737500e+01   4.8700000e-01
   1.0741667e+01   4.4700000e-01
   1.0745833e+01   4.3100000e-01
   1.0750000e+01   4.0900000e-01
   1.0754167e+01   4.0200000e-01
   1.0758333e+01   3.8000000e-01
   1.0762500e+01   3.5100000e-01
   1.0766667e+01   3.0700000e-01
   1.0770833e+01   2.8900000e-01
   1.0775000e+01   2.4600000e-01
   1.0779167e+01   2.0100000e-01
   1.0783333e+01   1.5900000e-01
   1.0787500e+01   1.4400000e-01
   1.0791667e+01   8.4000000e-02
   1.0795833e+01   5.6000000e-02
   1.0800000e+01   2.8000000e-02
   1.0804167e+01   7.0000000e-03
   1.0808333e+01  -1.0000000e-02
   1.0812500e+01  -3.5000000e-02
   1.0816667e+01  -7.8000000e-02
   1.0820833e+01  -1.2300000e-01
   1.0825000e+01  -1.4000000e-01
   1.0829167e+01  -1.7000000e-01
   1.0833333e+01  -1.9000000e-01
   1.0837500e+01  -2.0900000e-01
   1.0841667e+01  -2.2600000e-01
   1.0845833e+01  -2.4700000e-01
   1.0850000e+01  -2.7900000e-01
   1.0854167e+01  -2.8700000e-01
   1.0858333e+01  -2.8900000e-01
   1.0862500e+01  -3.0800000e-01
   1.0866667e+01  -3.3300000e-01
   1.0870833e+01  -3.4200000e-01
   1.0875000e+01  -3.6100000e-01
   1.0879167e+01  -3.7000000e-01
   1.0883333e+01  -3.7400000e-01
   1.0887500e+01  -3.7700000e-01
   1.0891667e+01  -3.8700000e-01
   1.0895833e+01  -3.8600000e-01
   1.0900000e+01  -3.8300000e-01
   1.0904167e+01  -3.9400000e-01
   1.0908333e+01  -3.9100000e-01
   1.0912500e+01  -3.8000000e-01
   1.0916667e+01  -3.7200000e-01
   1.0920833e+01  -3.6500000e-01
   1.0925000e+01  -3.5500000e-01
   1.0929167e+01  -3.6500000e-01
   1.0933333e+01  -3.5300000e-01
   1.0937500e+01  -3.4100000e-01
   1.0941667e+01  -3.3300000e-01
   1.0945833e+01  -3.1700000e-01
   1.0950000e+01  -2.9700000e-01
   1.0954167e+01  -2.8000000e-01
   1.0958333e+01  -2.6600000e-01
   1.0962500e+01  -2.6900000e-01
   1.0966667e+01  -2.6100000e-01
   1.0970833e+01  -2.5500000e-01
   1.0975000e+01  -2.3000000e-01
   1.0979167e+01  -2.2400000e-01
   1.0983333e+01  -2.1200000e-01
   1.0987500e+01  -1.9300000e-01
   1.0991667e+01  -1.6500000e-01
   1.0995833e+01  -1.4200000e-01
   1.1000000e+01  -1.1800000e-01
   1.1004167e+01  -9.8000000e-02
   1.1008333e+01  -7.5000000e-02
   1.1012500e+01  -3.7000000e-02
   1.1016667e+01  -2.0000000e-03
   1.1020833e+01   1.3000000e-02
   1.1025000e+01   3.3000000e-02
   1.1029167e+01   6.0000000e-02
   1.1033333e+01   8.1000000e-02
   1.1037500e+01   1.0600000e-01
   1.1041667e+01   1.1700000e-01
   1.1045833e+01   1.3300000e-01
   1.1050000e+01   1.4800000e-01
   1.1054167e+01   1.7700000e-01
   1.1058333e+01   2.0800000e-01
   1.1062500e+01   2.3100000e-01
   1.1066667e+01   2.4500000e-01
   1.1070833e+01   2.6500000e-01
   1.1075000e+01   2.7700000e-01
   1.1079167e+01   2.9400000e-01
   1.1083333e+01   3.0300000e-01
   1.1087500e+01   3.2100000e-01
   1.1091667e+01   3.2400000e-01
   1.1095833e+01   3.3300000e-01
   1.1100000e+01   3.3900000e-01
   1.1104167e+01   3.5700000e-01
   1.1108333e+01   3.7100000e-01
   1.1112500e+01   3.8200000e-01
   1.1116667e+01   3.9800000e-01
   1.1120833e+01   4.1300000e-01
   1.1125000e+01   4.3600000e-01
   1.1129167e+01   4.5600000e-01
   1.1133333e+01   4.5800000e-01
   1.1137500e+01   4.6700000e-01
   1.1141667e+01   4.7000000e-01
   1.1145833e+01   4.7900000e-01
   1.1150000e+01   4.7800000e-01
   1.1154167e+01   4.8300000e-01
   1.1158333e+01   4.8100000e-01
   1.1162500e+01   4.7300000e-01
   1.1166667e+01   4.8000000e-01
   1.1170833e+01   4.8100000e-01
   1.1175000e+01   4.6400000e-01
   1.1179167e+01   4.5500000e-01
   1.1183333e+01   4.3100000e-01
   1.1187500e+01   4.0700000e-01
   1.1191667e+01   3.9000000e-01
   1.1195833e+01   3.8400000e-01
   1.1200000e+01   3.6100000e-01
   1.1204167e+01   3.5600000e-01
   1.1208333e+01   3.6200000e-01
   1.1212500e+01   3.5200000e-01
   1.1216667e+01   3.3900000e-01
   1.1220833e+01   3.2300000e-01
   1.1225000e+01   3.1400000e-01
   1.1229167e+01   2.8500000e-01
   1.1233333e+01   2.5500000e-01
   1.1237500e+01   2.3600000e-01
   1.1241667e+01   2.0900000e-01
   1.1245833e+01   1.9100000e-01
   1.1250000e+01   1.6000000e-01
   1.1254167e+01   1.4100000e-01
   1.1258333e+01   1.2400000e-01
   1.1262500e+01   8.9000000e-02
   1.1266667e+01   6.6000000e-02
   1.1270833e+01   4.2000000e-02
   1.1275000e+01   3.4000000e-02
   1.1279167e+01   2.0000000e-03
   1.1283333e+01  -1.8000000e-02
   1.1287500e+01  -3.7000000e-02
   1.1291667e+01  -5.6000000e-02
   1.1295833e+01  -8.4000000e-02
   1.1300000e+01  -1.0000000e-01
   1.1304167e+01  -1.3100000e-01
   1.1308333e+01  -1.5800000e-01
   1.1312500e+01  -1.8900000e-01
   1.1316667e+01  -1.9900000e-01
   1.1320833e+01  -2.1900000e-01
   1.1325000e+01  -2.3100000e-01
   1.1329167e+01  -2.5300000e-01
   1.1333333e+01  -2.7200000e-01
   1.1337500e+01  -2.9400000e-01
   1.1341667e+01  -3.0800000e-01
   1.1345833e+01  -3.1400000e-01
   1.1350000e+01  -3.3100000e-01
   1.1354167e+01  -3.4000000e-01
   1.1358333e+01  -3.6400000e-01
   1.1362500e+01  -3.6500000e-01
   1.1366667e+01  -3.8200000e-01
   1.1370833e+01  -3.9200000e-01
   1.1375000e+01  -3.9900000e-01
   1.1379167e+01  -4.0200000e-01
   1.1383333e+01  -4.1300000e-01
   1.1387500e+01  -4.2200000e-01
   1.1391667e+01  -4.2100000e-01
   1.1395833e+01  -4.1400000e-01
   1.1400000e+01  -4.1900000e-01
   1.1404167e+01  -4.2800000e-01
   1.1408333e+01  -4.2100000e-01
   1.1412500e+01  -4.1600000e-01
   1.1416667e+01  -4.1000000e-01
   1.1420833e+01  -4.2000000e-01
   1.1425000e+01  -4.0400000e-01
   1.1429167e+01  -3.8700000e-01
   1.1433333e+01  -3.6800000e-01
   1.1437500e+01  -3.5800000e-01
   1.1441667e+01  -3.4100000e-01
   1.1445833e+01  -3.3800000e-01
   1.1450000e+01  -3.1700000e-01
   1.1454167e+01  -3.0700000e-01
   1.1458333e+01  -2.8400000e-01
   1.1462500e+01  -2.6100000e-01
   1.1466667e+01  -2.3100000e-01
   1.1470833e+01  -2.0800000e-01
   1.1475000e+01  -1.8200000e-01
   1.1479167e+01  -1.5900000e-01
   1.1483333e+01  -1.3200000e-01
   1.1487500e+01  -1.0100000e-01
   1.1491667e+01  -7.1000000e-02
   1.1495833e+01  -4.3000000e-02
   1.1500000e+01  -1.3000000e-02
   1.1504167e+01   1.6000000e-02
   1.1508333e+01   2.7000000e-02
   1.1512500e+01   4.4000000e-02
   1.1516667e+01   6.9000000e-02
   1.1520833e+01   9.6000000e-02
   1.1525000e+01   1.2100000e-01
   1.1529167e+01   1.5500000e-01
   1.1533333e+01   1.8900000e-01
   1.1537500e+01   2.2100000e-01
   1.1541667e+01   2.4900000e-01
   1.1545833e+01   2.7800000e-01
   1.1550000e+01   3.0900000e-01
   1.1554167e+01   3.3400000e-01
   1.1558333e+01   3.5900000e-01
   1.1562500e+01   3.8200000e-01
   1.1566667e+01   4.0500000e-01
   1.1570833e+01   4.4700000e-01
   1.1575000e+01   4.7400000e-01
   1.1579167e+01   5.0500000e-01
   1.1583333e+01   5.3900000e-01
   1.1587500e+01   5.6800000e-01
   1.1591667e+01   5.9600000e-01
   1.1595833e+01   6.2300000e-01
   1.1600000e+01   6.4700000e-01
   1.1604167e+01   6.6300000e-01
   1.1608333e+01   6.7300000e-01
   1.1612500e+01   6.9800000e-01
   1.1616667e+01   7.1300000e-01
   1.1620833e+01   7.3800000e-01
   1.1625000e+01   7.6500000e-01
   1.1629167e+01   7.7500000e-01
   1.1633333e+01   7.9400000e-01
   1.1637500e+01   7.9900000e-01
   1.1641667e+01   8.0900000e-01
   1.1645833e+01   8.1000000e-01
   1.1650000e+01   8.1300000e-01
   1.1654167e+01   8.2100000e-01
   1.1658333e+01   8.4000000e-01
   1.1662500e+01   8.4200000e-01
   1.1666667e+01   8.4500000e-01
   1.1670833e+01   8.3900000e-01
   1.1675000e+01   8.3500000e-01
   1.1679167e+01   8.3100000e-01
   1.1683333e+01   8.3500000e-01
   1.1687500e+01   8.3200000e-01
   1.1691667e+01   8.1000000e-01
   1.1695833e+01   8.0400000e-01
   1.1700000e+01   8.0300000e-01
   1.1704167e+01   8.0100000e-01
   1.1708333e+01   7.7600000e-01
   1.1712500e+01   7.6700000e-01
   1.1716667e+01   7.5000000e-01
   1.1720833e+01   7.1000000e-01
   1.1725000e+01   7.0400000e-01
   1.1729167e+01   6.9000000e-01
   1.1733333e+01   6.6600000e-01
   1.1737500e+01   6.3600000e-01
   1.1741667e+01   6.0300000e-01
   1.1745833e+01   5.8100000e-01
   1.1750000e+01   5.6500000e-01
   1.1754167e+01   5.4400000e-01
   1.1758333e+01   5.2400000e-01
   1.1762500e+01   5.1700000e-01
   1.1766667e+01   4.7300000e-01
   1.1770833e+01   4.4400000e-01
   1.1775000e+01   3.9100000e-01
   1.1779167e+01   3.5400000e-01
   1.1783333e+01   3.2400000e-01
   1.1787500e+01   3.1600000e-01
   1.1791667e+01   2.8400000e-01
   1.1795833e+01   2.4500000e-01
   1.1800000e+01   2.2000000e-01
   1.1804167e+01   1.8800000e-01
   1.1808333e+01   1.3500000e-01
   1.1812500e+01   1.0400000e-01
   1.1816667e+01   8.5000000e-02
   1.1820833e+01   5.5000000e-02
   1.1825000e+01   3.6000000e-02
   1.1829167e+01  -7.0000000e-03
   1.1833333e+01  -2.5000000e-02
   1.1837500e+01  -5.5000000e-02
   1.1841667e+01  -8.1000000e-02
   1.1845833e+01  -1.2400000e-01
   1.1850000e+01  -1.4500000e-01
   1.1854167e+01  -1.6400000e-01
   1.1858333e+01  -1.8700000e-01
   1.1862500e+01  -2.1700000e-01
   1.1866667e+01  -2.4300000e-01
   1.1870833e+01  -2.6700000e-01
   1.1875000e+01  -2.9300000e-01
   1.1879167e+01  -3.0500000e-01
   1.1883333e+01  -3.2500000e-01
   1.1887500e+01  -3.3500000e-01
   1.1891667e+01  -3.4900000e-01
   1.1895833e+01  -3.5700000e-01
   1.1900000e+01  -3.6200000e-01
   1.1904167e+01  -3.7000000e-01
   1.1908333e+01  -3.7500000e-01
   1.1912500e+01  -3.9300000e-01
   1.1916667e+01  -3.9700000e-01
   1.1920833e+01  -4.0500000e-01
   1.1925000e+01  -4.0500000e-01
   1.1929167e+01  -4.0500000e-01
   1.1933333e+01  -4.1200000e-01
   1.1937500e+01  -4.1500000e-01
   1.1941667e+01  -4.0100000e-01
   1.1945833e+01  -4.0800000e-01
   1.1950000e+01  -3.9900000e-01
   1.1954167e+01  -4.0500000e-01
   1.1958333e+01  -3.9600000e-01
   1.1962500e+01  -3.9500000e-01
   1.1966667e+01  -3.9400000e-01
   1.1970833e+01  -3.9100000e-01
   1.1975000e+01  -3.7800000e-01
   1.1979167e+01  -3.6900000e-01
   1.1983333e+01  -3.7400000e-01
   1.1987500e+01  -3.4200000e-01
   1.1991667e+01  -3.2500000e-01
   1.1995833e+01  -3.0800000e-01
