 20121023000000 63158     38.580    -74.920    5.3  277    0.19    1.29 -999.99    0.66    9.09    9.22    8.57    7.45    6.39   110    25    0.06    1.98    1.98    1.80    1.67    1.56   321    12    0.66    9.09    9.22    8.62    7.66    6.82   110    25
 20121023010000 63158     38.580    -74.920    5.6  274    0.20    1.30 -999.99    0.66    9.09    9.27    8.69    7.66    6.65   110    24    0.05    1.98    1.98    1.76    1.63    1.53   318    14    0.66    9.09    9.27    8.73    7.83    7.03   110    23
 20121023020000 63158     38.580    -74.920    5.9  272    0.22    1.31 -999.99    0.65    9.09    9.30    8.78    7.82    6.84   110    22    0.05    1.98    1.98    1.68    1.57    1.48   307    15    0.65    9.09    9.30    8.83    8.01    7.30   110    22
 20121023030000 63158     38.580    -74.920    6.3  270    0.23    1.32 -999.99    0.65    9.09    9.34    8.80    7.67    6.41   110    21    0.08    1.98    1.98    1.65    1.55    1.46   298    12    0.65    9.09    9.34    8.91    8.16    7.54   110    21
 20121023040000 63158     38.580    -74.920    5.6  271    0.20    1.29 -999.99    0.65    9.09    9.37    8.72    7.32    5.88   109    25    0.10    1.98    1.98    1.77    1.65    1.54   309    19    0.65    9.09    9.37    8.90    8.06    7.33   109    23
 20121023050000 63158     38.580    -74.920    4.9  273    0.17    1.27 -999.99    0.65    9.09    9.40    8.70    7.14    5.59   109    25    0.11    1.98    1.98    1.71    1.60    1.51   299    16    0.65    9.09    9.40    8.91    7.97    7.11   109    23
 20121023060000 63158     38.580    -74.920    4.2  274    0.15    1.25 -999.99    0.69    9.09    9.42    8.08    5.95    4.57   104    40    0.15    2.40    2.37    1.96    1.82    1.70   297    20    0.67    9.09    9.42    8.38    6.70    5.48   104    36
 20121023070000 63158     38.580    -74.920    3.9  273    0.14    1.24 -999.99    0.65    9.09    9.46    8.72    7.21    5.82   108    28    0.08    1.98    1.98    1.84    1.71    1.60   292    19    0.65    9.09    9.46    8.82    7.59    6.45   107    27
 20121023080000 63158     38.580    -74.920    3.7  271    0.13    1.23 -999.99    0.64    9.09    9.47    9.01    8.00    6.95   109    22    0.04    1.98    1.98    1.72    1.61    1.52   290    17    0.63    9.09    9.47    9.04    8.15    7.30   108    22
 20121023090000 63158     38.580    -74.920    3.5  269    0.12    1.22 -999.99    0.63    9.09    9.48    9.13    8.39    7.71   109    19    0.02    1.98    1.98    1.65    1.55    1.46   289    14    0.63    9.09    9.48    9.14    8.42    7.81   109    19
 20121023100000 63158     38.580    -74.920    3.4  262    0.12    1.22 -999.99    0.62    9.09    9.45    9.19    8.55    8.09   109    18    0.00    1.98    1.98    1.67    1.57    1.48   282    18    0.62    9.09    9.45    9.19    8.56    8.10   109    18
 20121023110000 63158     38.580    -74.920    3.4  256    0.12    1.22 -999.99    0.62    9.09    9.43    9.22    8.63    8.27   109    17    0.00    1.98    1.98    1.68    1.57    1.48   260     8    0.62    9.09    9.43    9.22    8.63    8.27   109    17
 20121023120000 63158     38.580    -74.920    3.4  250    0.12    1.22 -999.99    0.61    9.09    9.39    9.24    8.68    8.38   109    17    0.00    1.98    1.98    1.68    1.58    1.49   256    12    0.61    9.09    9.39    9.24    8.68    8.38   108    17
 20121023130000 63158     38.580    -74.920    3.5  244    0.12    1.22 -999.99    0.61    9.09    9.35    9.25    8.71    8.44   108    17    0.00    1.98    1.98    1.71    1.60    1.51   221    19    0.61    9.09    9.35    9.25    8.71    8.44   108    17
 20121023140000 63158     38.580    -74.920    3.6  240    0.13    1.23 -999.99    0.61    9.09    9.29    9.26    8.73    8.47   108    17    0.00    1.98    1.98    1.71    1.60    1.50   214    14    0.61    9.09    9.29    9.26    8.73    8.47   108    17
 20121023150000 63158     38.580    -74.920    3.7  235    0.13    1.23 -999.99    0.60    9.09    9.25    9.26    8.73    8.48   108    17    0.00    1.98    1.98    1.68    1.57    1.48   207    14    0.60    9.09    9.25    9.26    8.73    8.48   108    17
 20121023160000 63158     38.580    -74.920    3.8  216    0.14    1.23 -999.99    0.60    9.09    9.21    9.25    8.73    8.49   108    17    0.00    2.40    2.35    2.04    1.91    1.80   186     6    0.60    9.09    9.21    9.25    8.73    8.49   108    17
 20121023170000 63158     38.580    -74.920    4.0  197    0.14    1.24 -999.99    0.59    9.09    9.17    9.24    8.73    8.49   108    17    0.00    2.64    2.72    2.37    2.22    2.09   186     5    0.59    9.09    9.17    9.24    8.73    8.49   108    17
 20121023180000 63158     38.580    -74.920    4.2  181    0.15    1.25 -999.99    0.58    9.09    9.14    9.23    8.72    8.48   108    17    0.00    2.90    2.80    2.26    2.08    1.94   185     6    0.58    9.09    9.14    9.23    8.72    8.48   108    17
 20121023190000 63158     38.580    -74.920    4.8  180    0.17    1.27 -999.99    0.58    9.09    9.12    9.21    8.71    8.47   108    17    0.01    3.51    3.48    3.17    2.94    2.71   177     8    0.58    9.09    9.12    9.21    8.72    8.48   108    17
 20121023200000 63158     38.580    -74.920    5.4  179    0.20    1.29 -999.99    0.57    9.09    9.09    9.19    8.69    8.44   108    17    0.02    3.86    3.82    3.30    2.89    2.56   174     9    0.57    9.09    9.09    9.20    8.71    8.48   108    16
 20121023210000 63158     38.580    -74.920    6.1  179    0.22    1.31 -999.99    0.57    9.09    9.07    9.15    8.57    8.11   108    17    0.05    4.26    4.41    3.13    2.55    2.22   166    18    0.56    9.09    9.07    9.19    8.72    8.50   108    16
 20121023220000 63158     38.580    -74.920    6.2  190    0.23    1.32 -999.99    0.58    9.09    9.06    8.57    6.70    5.02   110    18    0.15    1.98    1.98    2.00    1.80    1.68   159    16    0.56    9.09    9.06    9.05    8.34    7.75   108    16
 20121023230000 63158     38.580    -74.920    6.4  202    0.23    1.33 -999.99    0.61    9.09    9.04    7.82    5.61    4.33   114    21    0.20    2.64    2.65    2.26    2.08    1.95   161    15    0.58    9.09    9.04    8.52    7.12    6.07   110    17
 20121024000000 63158     38.580    -74.920    6.6  212    0.24    1.33 -999.99    0.61    9.09    9.03    7.66    5.49    4.28   115    23    0.18    2.64    2.61    2.26    2.08    1.94   172    16    0.58    9.09    9.03    8.20    6.57    5.48   112    18
 20121024010000 63158     38.580    -74.920    6.6  212    0.24    1.33 -999.99    0.62    9.09    9.01    7.37    5.09    3.92   118    26    0.23    2.90    2.79    2.24    2.04    1.89   177    17    0.58    9.09    9.01    8.16    6.60    5.58   113    19
 20121024020000 63158     38.580    -74.920    6.6  212    0.24    1.33 -999.99    0.63    9.09    9.00    7.10    4.86    3.80   121    29    0.26    2.90    2.80    2.34    2.15    2.00   179    18    0.57    9.09    9.00    8.10    6.61    5.66   114    20
 20121024030000 63158     38.580    -74.920    6.6  212    0.24    1.33 -999.99    0.63    9.09    8.98    6.89    4.70    3.73   125    31    0.29    2.90    2.87    2.45    2.25    2.10   182    18    0.56    9.09    8.98    8.08    6.65    5.74   114    20
 20121024040000 63158     38.580    -74.920    6.6  215    0.24    1.33 -999.99    0.64    9.09    8.97    6.65    4.54    3.64   129    35    0.32    2.90    2.89    2.52    2.32    2.16   189    19    0.56    9.09    8.97    7.96    6.52    5.63   116    22
 20121024050000 63158     38.580    -74.920    6.6  218    0.24    1.33 -999.99    0.65    9.09    8.95    6.48    4.44    3.60   132    37    0.34    2.90    2.99    2.58    2.38    2.22   192    20    0.55    9.09    8.95    7.90    6.51    5.68   117    23
 20121024060000 63158     38.580    -74.920    6.6  221    0.24    1.33 -999.99    0.65    9.09    8.94    6.33    4.35    3.55   135    39    0.34    2.90    2.96    2.56    2.36    2.21   197    21    0.56    9.09    8.94    7.71    6.29    5.50   119    24
 20121024070000 63158     38.580    -74.920    6.6  225    0.24    1.33 -999.99    0.65    9.09    8.92    6.20    4.27    3.50   137    40    0.34    2.90    2.91    2.54    2.34    2.18   202    21    0.56    9.09    8.92    7.51    6.07    5.30   121    26
 20121024080000 63158     38.580    -74.920    6.6  230    0.24    1.33 -999.99    0.65    9.09    8.91    6.11    4.22    3.47   139    41    0.34    2.90    2.87    2.52    2.31    2.16   207    21    0.56    9.09    8.91    7.39    5.96    5.23   123    27
 20121024090000 63158     38.580    -74.920    6.6  234    0.24    1.33 -999.99    0.65    9.09    8.89    6.04    4.16    3.42   141    43    0.33    2.90    2.88    2.49    2.29    2.14   211    22    0.56    9.09    8.89    7.30    5.87    5.15   124    28
 20121024100000 63158     38.580    -74.920    5.6  237    0.20    1.30 -999.99    0.63    9.09    8.87    6.12    4.24    3.48   140    43    0.28    2.40    2.49    2.35    2.17    2.03   220    21    0.57    9.09    8.87    7.07    5.59    4.89   128    32
 20121024110000 63158     38.580    -74.920    4.6  241    0.16    1.26 -999.99    0.60    9.09    8.85    6.37    4.46    3.65   136    41    0.21    2.40    2.40    2.17    2.01    1.88   228    19    0.56    9.09    8.85    6.97    5.41    4.68   129    34
 20121024120000 63158     38.580    -74.920    3.6  248    0.13    1.23 -999.99    0.57    9.09    8.83    6.71    4.84    3.94   131    38    0.13    2.40    2.29    1.95    1.82    1.71   240    15    0.55    9.09    8.83    6.96    5.30    4.49   129    35
 20121024130000 63158     38.580    -74.920    3.2  253    0.11    1.21 -999.99    0.54    9.09    8.81    7.03    5.24    4.29   128    35    0.07    2.18    2.13    1.85    1.73    1.63   245    12    0.53    9.09    8.81    7.13    5.44    4.55   127    34
 20121024140000 63158     38.580    -74.920    2.8  259    0.10    1.20 -999.99    0.51    9.09    8.77    7.30    5.62    4.64   125    33    0.02    1.98    1.98    1.65    1.54    1.46   247     6    0.51    9.09    8.77    7.31    5.65    4.69   125    33
 20121024150000 63158     38.580    -74.920    2.5  268    0.08    1.19 -999.99    0.50    9.09    8.74    7.52    5.95    4.97   123    31    0.00    1.00    1.98    1.00    1.00    1.00   180     0    0.50    9.09    8.74    7.52    5.95    4.97   123    31
 20121024160000 63158     38.580    -74.920    2.2  273    0.08    1.18 -999.99    0.48    9.09    8.69    7.69    6.23    5.26   121    30    0.00    1.00    1.98    1.00    1.00    1.00   180     0    0.48    9.09    8.69    7.69    6.23    5.26   121    30
 20121024170000 63158     38.580    -74.920    2.0  280    0.07    1.17 -999.99    0.47    8.26    8.65    7.81    6.44    5.48   120    29    0.00    1.00    1.98    1.00    1.00    1.00   180     0    0.47    8.26    8.65    7.81    6.44    5.48   120    29
 20121024180000 63158     38.580    -74.920    1.8  289    0.06    1.16 -999.99    0.46    8.26    8.59    7.86    6.56    5.63   120    29    0.00    1.00    1.98    1.00    1.00    1.00   180     0    0.46    8.26    8.59    7.86    6.56    5.63   119    29
 20121024190000 63158     38.580    -74.920    2.5  135    0.09    1.19 -999.99    0.46    8.26    8.55    7.88    6.63    5.73   120    29    0.00    1.00    1.98    1.00    1.00    1.00   180     0    0.46    8.26    8.55    7.88    6.63    5.73   119    29
 20121024200000 63158     38.580    -74.920    3.2  116    0.11    1.21 -999.99    0.45    8.26    8.51    7.91    6.70    5.83   120    29    0.02    1.98    1.98    1.68    1.57    1.48   140     7    0.45    8.26    8.51    7.91    6.72    5.88   119    29
 20121024210000 63158     38.580    -74.920    4.0  114    0.14    1.24 -999.99    0.45    8.26    8.49    7.96    6.80    5.96   119    29    0.02    1.98    1.98    1.83    1.70    1.60   147     9    0.45    8.26    8.49    7.98    6.86    6.07   119    29
 20121024220000 63158     38.580    -74.920    4.5  104    0.16    1.26 -999.99    0.44    8.26    8.47    8.05    6.94    6.12   118    28    0.02    1.98    1.98    1.86    1.72    1.62   144    11    0.44    8.26    8.47    8.06    6.99    6.21   118    28
 20121024230000 63158     38.580    -74.920    5.1   96    0.18    1.28 -999.99    0.43    8.26    8.46    8.14    7.10    6.30   117    27    0.02    2.18    2.09    2.03    1.84    1.72   136    23    0.43    8.26    8.46    8.15    7.14    6.37   117    27
 20121025000000 63158     38.580    -74.920    5.7   90    0.21    1.30 -999.99    0.43    8.26    8.44    8.23    7.25    6.48   116    26    0.02    1.98    1.98    2.30    1.99    1.81   113    35    0.43    8.26    8.44    8.24    7.28    6.54   116    26
 20121025010000 63158     38.580    -74.920    5.6   89    0.20    1.30 -999.99    0.42    8.26    8.45    8.30    7.39    6.64   116    25    0.02    3.51    3.66    2.45    2.13    1.93   102    35    0.42    8.26    8.45    8.31    7.41    6.69   115    25
 20121025020000 63158     38.580    -74.920    5.5   87    0.20    1.29 -999.99    0.42    8.26    8.45    8.37    7.51    6.78   115    24    0.02    3.51    3.48    2.44    2.12    1.92    89    31    0.42    8.26    8.45    8.37    7.53    6.84   115    24
 20121025030000 63158     38.580    -74.920    5.3   85    0.19    1.29 -999.99    0.41    8.26    8.47    8.42    7.61    6.90   115    23    0.02    3.51    3.44    2.48    2.19    2.00    80    24    0.41    8.26    8.47    8.43    7.64    6.97   114    23
 20121025040000 63158     38.580    -74.920    5.1   84    0.18    1.28 -999.99    0.41    8.26    8.49    8.46    7.67    6.95   114    22    0.02    2.40    2.36    2.29    2.08    1.93    72    15    0.41    8.26    8.49    8.49    7.74    7.10   114    22
 20121025050000 63158     38.580    -74.920    4.8   83    0.17    1.27 -999.99    0.41    8.26    8.54    8.47    7.59    6.71   114    22    0.04    2.18    2.16    2.04    1.87    1.75    68    10    0.41    8.26    8.54    8.53    7.83    7.20   114    21
 20121025060000 63158     38.580    -74.920    4.5   81    0.16    1.26 -999.99    0.41    8.26    8.59    8.33    7.05    5.72   113    22    0.08    2.18    2.10    1.91    1.77    1.66    60    14    0.41    8.26    8.59    8.55    7.85    7.23   113    21
 20121025070000 63158     38.580    -74.920    4.7   82    0.17    1.26 -999.99    0.43   10.01    9.60    7.96    6.01    4.47   111    24    0.12    1.98    1.98    1.86    1.72    1.61    63    17    0.41   10.01    9.60    8.50    7.69    6.94   112    22
 20121025080000 63158     38.580    -74.920    4.8   83    0.17    1.27 -999.99    0.46   10.01    9.61    7.14    4.78    3.60   105    29    0.19    2.40    2.31    2.06    1.92    1.80    72    20    0.42   10.01    9.61    8.22    7.03    6.04   109    27
 20121025090000 63158     38.580    -74.920    4.9   84    0.18    1.27 -999.99    0.48   10.01    9.62    6.68    4.42    3.45   101    31    0.24    2.40    2.50    2.24    2.09    1.97    72    21    0.42   10.01    9.62    8.07    6.76    5.78   107    29
 20121025100000 63158     38.580    -74.920    4.8   78    0.17    1.27 -999.99    0.49   10.01    9.59    6.64    4.51    3.60    99    31    0.25    2.64    2.62    2.40    2.25    2.13    69    21    0.42   10.01    9.59    8.11    6.92    6.04   108    28
 20121025110000 63158     38.580    -74.920    4.6   72    0.16    1.26 -999.99    0.49   10.01    9.58    6.65    4.62    3.71    98    31    0.25    2.90    2.79    2.51    2.34    2.20    65    20    0.42   10.01    9.58    8.10    7.01    6.24   108    27
 20121025120000 63158     38.580    -74.920    4.5   66    0.16    1.26 -999.99    0.50   10.01    9.55    6.55    4.60    3.72    96    31    0.24    2.90    2.96    2.51    2.33    2.18    62    18    0.44   10.01    9.55    7.82    6.66    5.94   105    28
 20121025130000 63158     38.580    -74.920    4.7   74    0.17    1.26 -999.99    0.51    9.09    9.51    6.42    4.52    3.66    95    31    0.25    3.19    3.08    2.55    2.34    2.17    66    17    0.44    9.09    9.51    7.67    6.48    5.78   102    30
 20121025140000 63158     38.580    -74.920    4.8   83    0.17    1.27 -999.99    0.52    9.09    9.40    6.30    4.42    3.59    94    31    0.26    3.19    3.12    2.55    2.33    2.16    70    17    0.45    9.09    9.40    7.53    6.27    5.54   101    31
 20121025150000 63158     38.580    -74.920    5.0   90    0.18    1.27 -999.99    0.52    9.09    9.35    6.20    4.33    3.53    94    31    0.26    3.19    3.11    2.53    2.31    2.14    75    17    0.45    9.09    9.35    7.40    6.08    5.33    99    32
 20121025160000 63158     38.580    -74.920    4.4   90    0.16    1.26 -999.99    0.52    9.09    9.27    6.18    4.35    3.57    94    31    0.23    2.90    2.82    2.39    2.20    2.05    81    18    0.47    9.09    9.27    7.09    5.69    4.98    97    32
 20121025170000 63158     38.580    -74.920    3.9   90    0.14    1.24 -999.99    0.52    9.09    9.24    6.27    4.48    3.69    95    30    0.17    2.64    2.56    2.17    2.01    1.88    88    17    0.49    9.09    9.24    6.78    5.30    4.61    96    31
 20121025180000 63158     38.580    -74.920    3.3   90    0.12    1.22 -999.99    0.51    9.09    9.19    6.38    4.63    3.83    96    30    0.12    2.18    2.15    1.88    1.75    1.65    91    15    0.49    9.09    9.19    6.64    5.10    4.41    96    30
 20121025190000 63158     38.580    -74.920    3.8   85    0.13    1.23 -999.99    0.50    9.09    9.16    6.48    4.75    3.92    97    30    0.14    2.64    2.53    2.09    1.94    1.82    85    19    0.48    9.09    9.16    6.86    5.42    4.73    98    30
 20121025200000 63158     38.580    -74.920    4.2   81    0.15    1.25 -999.99    0.49    9.09    9.12    6.52    4.78    3.93    97    30    0.18    2.90    2.85    2.38    2.18    2.03    80    19    0.46    9.09    9.12    7.16    5.86    5.19    99    30
 20121025210000 63158     38.580    -74.920    4.7   77    0.17    1.26 -999.99    0.50    9.09    9.09    6.45    4.68    3.82    97    30    0.22    3.19    3.09    2.55    2.32    2.15    76    21    0.45    9.09    9.09    7.43    6.29    5.64   102    30
 20121025220000 63158     38.580    -74.920    4.9   75    0.17    1.27 -999.99    0.51    9.09    9.06    6.28    4.50    3.67    96    30    0.25    3.51    3.36    2.56    2.33    2.16    73    21    0.44    9.09    9.06    7.45    6.38    5.77   102    30
 20121025230000 63158     38.580    -74.920    5.0   73    0.18    1.28 -999.99    0.53    9.09    9.04    6.08    4.35    3.57    94    30    0.28    3.51    3.38    2.60    2.37    2.20    71    21    0.45    9.09    9.04    7.38    6.33    5.72   101    30
 20121026000000 63158     38.580    -74.920    5.2   71    0.19    1.28 -999.99    0.55    9.09    9.02    5.88    4.24    3.52    92    30    0.32    3.51    3.48    2.75    2.51    2.32    69    20    0.45    9.09    9.02    7.41    6.42    5.82   101    29
 20121026010000 63158     38.580    -74.920    5.2   77    0.18    1.28 -999.99    0.57    9.09    8.99    5.72    4.18    3.51    90    30    0.32    3.19    3.14    2.71    2.48    2.31    73    21    0.47    9.09    8.99    7.12    6.13    5.62    97    31
 20121026020000 63158     38.580    -74.920    5.1   83    0.18    1.28 -999.99    0.59    9.09    8.97    5.60    4.15    3.52    89    30    0.33    3.19    3.15    2.72    2.50    2.32    77    21    0.49    9.09    8.97    6.89    5.90    5.41    93    32
 20121026030000 63158     38.580    -74.920    5.1   89    0.18    1.28 -999.99    0.61    9.09    8.95    5.51    4.14    3.52    89    30    0.33    3.19    3.15    2.70    2.48    2.30    83    21    0.52    9.09    8.95    6.63    5.64    5.15    90    32
 20121026040000 63158     38.580    -74.920    5.1   86    0.18    1.28 -999.99    0.63    9.09    8.92    5.42    4.12    3.53    89    30    0.34    3.19    3.23    2.75    2.52    2.34    84    22    0.53    9.09    8.92    6.53    5.59    5.13    90    32
 20121026050000 63158     38.580    -74.920    5.1   84    0.18    1.28 -999.99    0.66    9.09    8.90    5.36    4.11    3.54    89    29    0.35    3.51    3.38    2.80    2.56    2.37    82    21    0.55    9.09    8.90    6.41    5.49    5.03    91    31
 20121026060000 63158     38.580    -74.920    5.1   81    0.18    1.28 -999.99    0.68    9.09    8.88    5.31    4.13    3.57    89    29    0.36    3.51    3.39    2.82    2.57    2.39    81    22    0.58    9.09    8.88    6.27    5.39    4.95    91    31
 20121026070000 63158     38.580    -74.920    5.0   76    0.18    1.28 -999.99    0.71    9.09    8.85    5.31    4.18    3.63    89    28    0.33    3.51    3.38    2.71    2.48    2.30    75    21    0.63    9.09    8.85    6.04    5.19    4.77    92    29
 20121026080000 63158     38.580    -74.920    4.9   70    0.17    1.27 -999.99    0.73    9.09    8.81    5.34    4.26    3.71    89    28    0.31    3.51    3.39    2.67    2.44    2.26    71    21    0.66    9.09    8.81    5.95    5.13    4.72    92    28
 20121026090000 63158     38.580    -74.920    4.7   64    0.17    1.27 -999.99    0.74    9.09    8.77    5.40    4.35    3.80    90    27    0.29    3.51    3.36    2.62    2.40    2.22    66    19    0.69    9.09    8.77    5.89    5.08    4.65    93    27
 20121026100000 63158     38.580    -74.920    5.0   63    0.18    1.27 -999.99    0.76    9.09    8.72    5.45    4.41    3.84    90    27    0.30    3.51    3.39    2.64    2.42    2.25    66    21    0.70    9.09    8.72    5.97    5.19    4.76    94    26
 20121026110000 63158     38.580    -74.920    5.2   63    0.19    1.28 -999.99    0.77    6.21    6.09    5.48    4.42    3.84    91    27    0.34    3.86    3.70    2.82    2.55    2.36    66    19    0.69    6.21    6.09    6.11    5.35    4.92    96    26
 20121026120000 63158     38.580    -74.920    5.4   63    0.20    1.29 -999.99    0.78    6.21    6.17    5.50    4.41    3.83    91    27    0.36    3.86    3.72    2.85    2.59    2.39    67    20    0.69    6.21    6.17    6.21    5.45    5.02    97    25
 20121026130000 63158     38.580    -74.920    5.5   63    0.20    1.29 -999.99    0.79    6.21    6.40    5.52    4.41    3.83    92    27    0.37    3.86    3.71    2.84    2.59    2.40    66    21    0.70    6.21    6.40    6.26    5.49    5.06    98    25
 20121026140000 63158     38.580    -74.920    5.5   63    0.20    1.29 -999.99    0.80    6.85    6.60    5.55    4.43    3.83    92    27    0.37    3.86    3.70    2.84    2.59    2.40    66    21    0.71    6.85    6.60    6.32    5.53    5.10    99    25
 20121026150000 63158     38.580    -74.920    5.5   63    0.20    1.29 -999.99    0.82    6.85    6.67    5.60    4.45    3.85    93    27    0.39    3.86    3.71    2.90    2.64    2.45    67    21    0.72    6.85    6.67    6.41    5.59    5.15   100    25
 20121026160000 63158     38.580    -74.920    5.5   70    0.20    1.29 -999.99    0.84    6.85    6.72    5.66    4.48    3.87    94    27    0.42    3.86    3.72    2.99    2.71    2.51    71    21    0.73    6.85    6.72    6.53    5.70    5.24   101    25
 20121026170000 63158     38.580    -74.920    5.6   78    0.20    1.29 -999.99    0.86    6.85    6.76    5.73    4.53    3.91    96    27    0.43    3.86    3.75    3.02    2.74    2.54    77    22    0.75    6.85    6.76    6.63    5.77    5.31   102    26
 20121026180000 63158     38.580    -74.920    5.6   85    0.20    1.30 -999.99    0.89    6.85    6.80    5.84    4.60    3.97    98    27    0.43    3.86    3.75    3.04    2.76    2.55    83    21    0.77    6.85    6.80    6.72    5.83    5.34   102    27
 20121026190000 63158     38.580    -74.920    5.8   86    0.21    1.30 -999.99    0.91    6.85    6.84    5.96    4.68    4.03    99    27    0.46    3.86    3.91    3.12    2.83    2.62    85    22    0.79    6.85    6.84    6.92    6.01    5.51   104    26
 20121026200000 63158     38.580    -74.920    5.9   88    0.21    1.31 -999.99    0.94    6.85    6.91    6.07    4.76    4.08   101    26    0.48    4.26    4.07    3.16    2.87    2.65    86    23    0.81    6.85    6.91    7.10    6.19    5.68   105    26
 20121026210000 63158     38.580    -74.920    6.1   89    0.22    1.31 -999.99    0.97    6.85    7.01    6.18    4.83    4.14   102    26    0.52    4.26    4.11    3.29    2.97    2.73    88    22    0.82    6.85    7.01    7.32    6.41    5.90   107    26
 20121026220000 63158     38.580    -74.920    5.9   86    0.21    1.31 -999.99    1.00    7.52    7.17    6.31    4.93    4.22   104    26    0.49    4.26    4.07    3.15    2.86    2.64    86    22    0.88    7.52    7.17    7.30    6.37    5.88   109    25
 20121026230000 63158     38.580    -74.920    5.7   84    0.21    1.30 -999.99    1.04    7.52    7.27    6.46    5.06    4.32   105    26    0.47    3.86    3.90    3.12    2.84    2.62    84    21    0.92    7.52    7.27    7.34    6.37    5.86   110    24
 20121027000000 63158     38.580    -74.920    5.6   81    0.20    1.29 -999.99    1.07    7.52    7.32    6.62    5.19    4.44   107    26    0.44    3.86    3.71    3.02    2.74    2.54    82    21    0.98    7.52    7.32    7.36    6.35    5.84   111    24
 20121027010000 63158     38.580    -74.920    5.7   76    0.21    1.30 -999.99    1.12    7.52    7.36    6.78    5.31    4.54   108    25    0.46    3.86    3.88    3.10    2.82    2.60    79    21    1.02    7.52    7.36    7.54    6.50    5.96   113    23
 20121027020000 63158     38.580    -74.920    5.9   73    0.21    1.31 -999.99    1.19    7.52    7.39    6.98    5.44    4.64   110    25    0.48    3.86    4.03    3.12    2.83    2.62    77    22    1.09    7.52    7.39    7.73    6.62    6.06   115    22
 20121027030000 63158     38.580    -74.920    6.1   69    0.22    1.31 -999.99    1.28    7.52    7.44    7.24    5.61    4.77   111    25    0.51    3.86    3.99    3.22    2.91    2.68    75    21    1.17    7.52    7.44    7.99    6.79    6.21   117    20
 20121027040000 63158     38.580    -74.920    6.5   68    0.24    1.33 -999.99    1.38    7.52    7.56    7.48    5.78    4.91   113    25    0.56    3.86    4.04    3.31    2.99    2.75    76    21    1.27    7.52    7.56    8.29    7.05    6.46   119    19
 20121027050000 63158     38.580    -74.920    6.8   68    0.25    1.34 -999.99    1.49    8.26    7.88    7.73    5.94    5.04   114    24    0.63    4.67    4.50    3.51    3.15    2.89    76    21    1.35    8.26    7.88    8.63    7.34    6.72   121    18
 20121027060000 63158     38.580    -74.920    7.2   67    0.26    1.35 -999.99    1.60    8.26    8.02    7.98    6.11    5.16   115    25    0.69    4.26    4.29    3.63    3.25    2.98    76    22    1.44    8.26    8.02    8.98    7.65    7.01   122    17
 20121027070000 63158     38.580    -74.920    7.5   69    0.28    1.36 -999.99    1.69   16.13   16.05    8.23    6.27    5.28   116    25    0.76    4.26    4.44    3.75    3.36    3.08    77    22    1.52   16.13   16.05    9.34    7.98    7.33   124    17
 20121027080000 63158     38.580    -74.920    7.8   70    0.29    1.37 -999.99    1.79   16.13   15.66    8.44    6.41    5.38   116    25    0.82    4.67    4.81    3.88    3.47    3.18    78    22    1.59   16.13   15.66    9.66    8.29    7.60   125    16
 20121027090000 63158     38.580    -74.920    8.0   71    0.30    1.38 -999.99    1.88   14.66   14.87    8.59    6.53    5.47   117    25    0.90    5.13    4.95    4.05    3.62    3.31    80    23    1.64   14.66   14.87    9.97    8.63    7.93   126    15
 20121027100000 63158     38.580    -74.920    8.2   69    0.31    1.39 -999.99    1.97   14.66   14.58    8.72    6.64    5.55   117    26    0.95    5.13    4.97    4.12    3.69    3.37    79    23    1.72   14.66   14.58   10.12    8.79    8.05   127    15
 20121027110000 63158     38.580    -74.920    8.4   66    0.32    1.40 -999.99    2.07   14.66   14.42    8.87    6.77    5.66   118    26    0.98    4.67    4.85    4.15    3.72    3.39    77    23    1.82   14.66   14.42   10.25    8.90    8.15   127    15
 20121027120000 63158     38.580    -74.920    8.7   64    0.32    1.40 -999.99    2.17   14.66   14.32    9.07    6.94    5.79   118    26    1.02    5.13    5.07    4.23    3.77    3.44    75    23    1.92   14.66   14.32   10.42    9.07    8.31   128    15
 20121027130000 63158     38.580    -74.920    9.1   65    0.34    1.42 -999.99    2.29   14.66   14.22    9.22    7.08    5.90   118    27    1.13    5.13    5.33    4.47    3.97    3.61    77    23    1.99   14.66   14.22   10.77    9.48    8.71   129    13
 20121027140000 63158     38.580    -74.920    9.6   66    0.36    1.44 -999.99    2.41   14.66   14.05    9.31    7.17    5.98   118    27    1.25    5.65    5.64    4.65    4.13    3.76    78    23    2.06   14.66   14.05   11.02    9.81    9.05   130    13
 20121027150000 63158     38.580    -74.920   10.1   67    0.38    1.45 -999.99    2.52   13.33   13.78    9.31    7.20    6.03   117    28    1.37    5.65    5.91    4.81    4.28    3.89    79    24    2.12   13.33   13.78   11.19   10.08    9.37   130    12
 20121027160000 63158     38.580    -74.920    9.9   64    0.37    1.44 -999.99    2.59   13.33   13.56    9.32    7.27    6.10   117    28    1.36    6.21    5.95    4.79    4.28    3.89    76    23    2.21   13.33   13.56   11.05    9.92    9.20   130    13
 20121027170000 63158     38.580    -74.920    9.6   60    0.36    1.44 -999.99    2.64   13.33   13.42    9.36    7.35    6.19   116    28    1.33    6.21    5.96    4.75    4.24    3.86    72    23    2.28   13.33   13.42   10.91    9.78    9.06   129    14
 20121027180000 63158     38.580    -74.920    9.4   56    0.35    1.43 -999.99    2.66   13.33   13.30    9.38    7.43    6.27   116    29    1.26    5.65    5.62    4.66    4.16    3.78    68    23    2.34   13.33   13.30   10.75    9.61    8.90   128    15
 20121027190000 63158     38.580    -74.920    9.7   56    0.37    1.44 -999.99    2.69   13.33   13.21    9.39    7.46    6.30   116    29    1.29    6.21    5.96    4.72    4.20    3.82    68    23    2.37   13.33   13.21   10.78    9.70    9.02   127    15
 20121027200000 63158     38.580    -74.920   10.0   56    0.38    1.45 -999.99    2.73   13.33   13.13    9.34    7.45    6.30   115    29    1.34    6.21    5.99    4.79    4.26    3.87    68    23    2.38   13.33   13.13   10.77    9.75    9.11   127    15
 20121027210000 63158     38.580    -74.920   10.4   55    0.40    1.46 -999.99    2.78   13.33   13.04    9.28    7.43    6.30   114    30    1.41    6.21    6.01    4.88    4.34    3.94    68    24    2.40   13.33   13.04   10.80    9.84    9.22   127    14
 20121027220000 63158     38.580    -74.920   10.8   53    0.42    1.48 -999.99    2.82   13.33   12.89    9.18    7.37    6.26   113    30    1.46    6.21    6.02    4.93    4.38    3.97    67    24    2.41   13.33   12.89   10.73    9.80    9.21   127    15
 20121027230000 63158     38.580    -74.920   11.2   50    0.43    1.49 -999.99    2.87   12.12   12.50    9.12    7.33    6.23   111    31    1.53    6.21    6.18    5.03    4.46    4.04    67    24    2.43   12.12   12.50   10.73    9.82    9.24   126    15
 20121028000000 63158     38.580    -74.920   11.7   48    0.45    1.51 -999.99    2.93   12.12   12.23    9.07    7.29    6.21   110    32    1.61    6.21    6.28    5.14    4.55    4.12    66    24    2.45   12.12   12.23   10.77    9.86    9.27   126    15
 20121028010000 63158     38.580    -74.920   11.5   43    0.45    1.50 -999.99    2.98   12.12   12.18    9.15    7.36    6.28   109    32    1.56    6.21    6.22    5.03    4.46    4.04    61    24    2.55   12.12   12.18   10.70    9.73    9.12   124    16
 20121028020000 63158     38.580    -74.920   11.4   38    0.44    1.50 -999.99    3.02   12.12   12.21    9.33    7.50    6.38   109    33    1.46    5.65    5.64    4.84    4.31    3.91    55    25    2.64   12.12   12.21   10.71    9.69    9.07   123    17
 20121028030000 63158     38.580    -74.920   11.3   32    0.44    1.49 -999.99    3.06   12.12   12.35    9.59    7.70    6.52   110    33    1.38    5.65    5.50    4.72    4.20    3.82    50    25    2.73   12.12   12.35   10.84    9.79    9.14   122    18
 20121028040000 63158     38.580    -74.920   11.1   36    0.43    1.49 -999.99    3.08   12.12   12.55    9.76    7.84    6.63   111    33    1.41    5.65    5.68    4.80    4.27    3.88    52    25    2.74   12.12   12.55   11.07   10.07    9.45   123    18
 20121028050000 63158     38.580    -74.920   10.9   39    0.42    1.48 -999.99    3.13   12.12   12.69    9.85    7.95    6.73   111    32    1.43    5.65    5.71    4.89    4.33    3.93    54    25    2.78   12.12   12.69   11.17   10.21    9.60   123    18
 20121028060000 63158     38.580    -74.920   10.7   43    0.41    1.48 -999.99    3.16   13.33   12.81    9.85    8.00    6.78   110    31    1.48    6.21    6.04    5.02    4.45    4.04    58    24    2.80   13.33   12.81   11.20   10.30    9.72   122    18
 20121028070000 63158     38.580    -74.920   11.3   42    0.44    1.50 -999.99    3.24   13.33   12.77    9.82    8.01    6.80   110    31    1.55    6.21    6.12    5.16    4.55    4.11    59    24    2.84   13.33   12.77   11.20   10.33    9.75   122    17
 20121028080000 63158     38.580    -74.920   11.9   40    0.47    1.52 -999.99    3.29   13.33   12.71    9.72    7.94    6.75   108    31    1.61    6.21    6.15    5.25    4.61    4.16    59    24    2.86   13.33   12.71   11.14   10.30    9.75   121    17
 20121028090000 63158     38.580    -74.920   12.6   39    0.49    1.54 -999.99    3.37   12.12   12.62    9.66    7.91    6.74   107    32    1.75    6.21    6.40    5.45    4.78    4.30    60    24    2.88   12.12   12.62   11.21   10.43    9.90   121    16
 20121028100000 63158     38.580    -74.920   13.5   40    0.54    1.57 -999.99    3.48   12.12   12.51    9.52    7.84    6.70   105    32    1.95    7.52    7.21    5.73    5.02    4.50    62    24    2.88   12.12   12.51   11.27   10.58   10.09   122    15
 20121028110000 63158     38.580    -74.920   14.5   42    0.58    1.61 -999.99    3.65   12.12   12.55    9.45    7.83    6.72   103    32    2.19    8.26    7.88    6.06    5.29    4.73    64    24    2.92   12.12   12.55   11.36   10.74   10.31   121    15
 20121028120000 63158     38.580    -74.920   15.4   43    0.62    1.64 -999.99    3.83   12.12   12.55    9.43    7.86    6.77   100    32    2.44    8.26    8.12    6.39    5.56    4.96    66    24    2.96   12.12   12.56   11.49   10.93   10.52   121    14
 20121028130000 63158     38.580    -74.920   15.4   40    0.63    1.64 -999.99    3.97   12.12   12.62    9.56    8.00    6.90   100    32    2.47    9.09    8.68    6.44    5.61    5.01    64    23    3.11   12.12   12.64   11.53   10.95   10.51   120    15
 20121028140000 63158     38.580    -74.920   15.4   37    0.63    1.64 -999.99    4.06   13.33   12.77    9.76    8.16    7.02   100    32    2.45    8.26    8.36    6.44    5.60    4.99    62    23    3.24   13.33   12.77   11.65   11.04   10.59   119    15
 20121028150000 63158     38.580    -74.920   15.5   34    0.63    1.64 -999.99    4.18   13.33   12.98   10.04    8.38    7.19   101    32    2.37    8.26    8.27    6.32    5.49    4.90    59    24    3.45   13.33   12.98   11.80   11.16   10.69   118    16
 20121028160000 63158     38.580    -74.920   15.5   37    0.63    1.64 -999.99    4.32   13.33   13.15   10.24    8.57    7.36   101    32    2.51    9.09    8.78    6.59    5.72    5.09    61    24    3.52   13.33   13.15   12.11   11.51   11.06   119    15
 20121028170000 63158     38.580    -74.920   15.5   40    0.63    1.64 -999.99    4.53   13.33   13.28   10.46    8.82    7.59   101    31    2.60    9.09    8.88    6.77    5.88    5.22    62    23    3.71   13.33   13.28   12.26   11.69   11.25   118    15
 20121028180000 63158     38.580    -74.920   15.5   42    0.63    1.64 -999.99    4.68   13.33   13.29   10.60    9.01    7.77   101    30    2.76    9.09    9.25    7.12    6.16    5.46    65    22    3.78   13.33   13.31   12.45   11.92   11.50   118    15
 20121028190000 63158     38.580    -74.920   16.0   40    0.65    1.66 -999.99    4.81   13.33   13.33   10.74    9.15    7.89   101    29    2.78   10.01    9.58    7.20    6.22    5.50    65    22    3.92   13.33   13.35   12.53   12.00   11.54   118    15
 20121028200000 63158     38.580    -74.920   16.5   39    0.67    1.68 -999.99    4.88   13.33   13.33   10.81    9.19    7.91   101    29    2.81   10.01    9.63    7.22    6.22    5.49    65    22    3.99   13.33   13.35   12.59   12.06   11.61   117    15
 20121028210000 63158     38.580    -74.920   17.0   37    0.70    1.69 -999.99    4.99   13.33   13.39   10.91    9.27    7.97   101    29    2.86   10.01    9.68    7.27    6.25    5.50    64    22    4.09   13.33   13.43   12.69   12.14   11.68   116    15
 20121028220000 63158     38.580    -74.920   17.1   36    0.71    1.70 -999.99    5.08   13.33   13.39   11.00    9.35    8.03   100    29    2.91   10.01    9.73    7.35    6.31    5.56    64    23    4.16   13.33   13.43   12.78   12.22   11.75   116    15
 20121028230000 63158     38.580    -74.920   17.2   35    0.71    1.70 -999.99    5.20   13.33   13.42   11.14    9.49    8.16   100    29    2.94   10.01    9.78    7.44    6.38    5.61    63    22    4.29   13.33   13.47   12.88   12.31   11.84   115    15
 20121029000000 63158     38.580    -74.920   17.4   34    0.72    1.71 -999.99    5.29   13.33   13.45   11.26    9.60    8.25    99    29    2.96   10.01    9.82    7.49    6.41    5.64    63    23    4.38   13.33   13.49   12.98   12.41   11.93   114    16
 20121029010000 63158     38.580    -74.920   17.6   36    0.73    1.72 -999.99    5.39   13.33   13.58   11.39    9.71    8.34    99    28    3.02   10.01    9.86    7.58    6.49    5.69    64    22    4.47   13.33   13.66   13.14   12.58   12.11   113    16
 20121029020000 63158     38.580    -74.920   17.9   37    0.74    1.73 -999.99    5.48   13.33   13.79   11.47    9.79    8.41    98    28    3.18   11.01   10.52    7.86    6.71    5.87    66    22    4.47   13.33   13.88   13.30   12.76   12.28   113    15
 20121029030000 63158     38.580    -74.920   18.2   39    0.76    1.74 -999.99    5.59   14.66   14.00   11.56    9.88    8.49    98    27    3.26   11.01   10.55    7.94    6.79    5.94    67    22    4.54   14.66   14.05   13.42   12.92   12.46   112    15
 20121029040000 63158     38.580    -74.920   19.2   35    0.81    1.77 -999.99    5.70   14.66   14.15   11.64    9.94    8.52    97    27    3.28   11.01   10.54    7.93    6.75    5.90    66    22    4.66   14.66   14.18   13.48   12.97   12.51   110    15
 20121029050000 63158     38.580    -74.920   20.2   31    0.86    1.81 -999.99    5.80   14.66   14.32   11.78   10.01    8.53    96    27    3.27   10.01   10.48    7.86    6.65    5.80    64    23    4.80   14.66   14.35   13.60   13.07   12.60   109    14
 20121029060000 63158     38.580    -74.920   21.2   28    0.91    1.84 -999.99    5.94   14.66   14.56   11.95   10.05    8.50    94    27    3.28   11.01   10.67    7.68    6.47    5.64    60    26    4.95   14.66   14.59   13.82   13.28   12.76   107    14
 20121029070000 63158     38.580    -74.920   21.2   23    0.91    1.84 -999.99    5.99   14.66   14.96   12.21   10.22    8.61    94    28    3.05    9.09    8.95    7.24    6.12    5.37    54    28    5.16   14.66   14.98   13.94   13.34   12.79   105    14
 20121029080000 63158     38.580    -74.920   21.1   17    0.90    1.84 -999.99    6.02   16.13   15.41   12.45   10.40    8.72    94    29    2.80    9.09    8.90    6.80    5.77    5.09    46    30    5.33   16.13   15.41   14.02   13.37   12.80   104    14
 20121029090000 63158     38.580    -74.920   21.0   12    0.90    1.84 -999.99    6.00   16.13   15.50   12.60   10.53    8.81    94    29    2.57    6.85    7.14    6.32    5.43    4.84    38    31    5.42   16.13   15.50   14.02   13.35   12.78   103    14
 20121029100000 63158     38.580    -74.920   20.5    7    0.87    1.82 -999.99    5.96   16.13   15.53   12.74   10.69    8.96    94    29    2.37    6.21    6.46    5.99    5.20    4.66    31    32    5.47   16.13   15.53   14.00   13.32   12.73   102    14
 20121029110000 63158     38.580    -74.920   19.9    1    0.84    1.80 -999.99    5.90   16.13   15.50   12.81   10.81    9.07    94    29    2.13    6.21    6.20    5.57    4.90    4.41    22    32    5.50   16.13   15.50   13.89   13.19   12.61   101    15
 20121029120000 63158     38.580    -74.920   19.4  355    0.82    1.78 -999.99    5.84   16.13   15.45   12.85   10.89    9.15    94    29    1.95    6.21    5.96    5.27    4.67    4.22    13    32    5.51   16.13   15.45   13.80   13.07   12.48   100    15
 20121029130000 63158     38.580    -74.920   19.6  354    0.83    1.79 -999.99    5.80   16.13   15.41   12.85   10.87    9.13    94    30    1.94    5.65    5.90    5.22    4.63    4.20    11    32    5.46   16.13   15.41   13.81   13.10   12.54   100    15
 20121029140000 63158     38.580    -74.920   19.8  354    0.84    1.79 -999.99    5.79   16.13   15.41   12.84   10.84    9.08    94    30    1.96    5.65    5.89    5.22    4.64    4.20    10    32    5.44   16.13   15.41   13.83   13.12   12.55   100    15
 20121029150000 63158     38.580    -74.920   20.0  354    0.85    1.80 -999.99    5.80   16.13   15.44   12.82   10.80    9.03    93    30    2.00    6.21    5.95    5.26    4.67    4.23    10    32    5.44   16.13   15.44   13.85   13.13   12.55   100    15
 20121029160000 63158     38.580    -74.920   20.9  341    0.89    1.83 -999.99    5.83   16.13   15.49   12.84   10.77    8.98    93    31    1.92    5.65    5.79    5.06    4.51    4.09   360    31    5.50   16.13   15.49   13.80   12.98   12.32    99    15
 20121029170000 63158     38.580    -74.920   21.7  329    0.94    1.86 -999.99    5.84   16.13   15.54   12.90   10.78    8.95    92    33    1.91    5.65    5.78    4.95    4.42    4.01   348    30    5.52   16.13   15.54   13.85   13.02   12.34    98    15
 20121029180000 63158     38.580    -74.920   22.5  318    0.98    1.89 -999.99    5.85   16.13   15.59   13.01   10.82    8.92    92    35    1.93    5.65    5.77    4.92    4.39    3.99   337    30    5.52   16.13   15.59   14.00   13.19   12.50    98    15
 20121029190000 63158     38.580    -74.920   23.1  307    1.01    1.91 -999.99    5.84   16.13   15.64   13.10   10.84    8.88    92    36    1.97    5.65    5.76    4.89    4.37    3.98   326    31    5.50   16.13   15.64   14.15   13.36   12.67    97    15
 20121029200000 63158     38.580    -74.920   23.8  296    1.04    1.93 -999.99    5.85   16.13   15.69   13.19   10.85    8.84    93    38    2.00    5.65    5.75    4.85    4.35    3.96   316    33    5.50   16.13   15.69   14.29   13.52   12.82    97    15
 20121029210000 63158     38.580    -74.920   24.4  285    1.08    1.95 -999.99    5.87   16.13   15.72   13.26   10.83    8.78    93    39    2.04    5.65    5.71    4.81    4.33    3.96   305    36    5.50   16.13   15.72   14.42   13.66   12.97    96    15
 20121029220000 63158     38.580    -74.920   24.2  273    1.07    1.95 -999.99    5.92   16.13   15.73   13.45   11.05    8.97    93    38    1.96    5.65    5.49    4.69    4.24    3.89   291    37    5.58   16.13   15.73   14.52   13.76   13.06    94    15
 20121029230000 63158     38.580    -74.920   24.0  260    1.06    1.94 -999.99    5.75   16.13   15.55   13.27   10.92    8.87    94    38    1.88    5.13    5.19    4.57    4.15    3.81   272    37    5.43   16.13   15.55   14.31   13.57   12.90    94    16
 20121030000000 63158     38.580    -74.920   23.9  248    1.05    1.93 -999.99    5.36   14.66   14.72   12.64   10.30    8.36    97    40    1.91    5.13    5.18    4.56    4.15    3.81   253    36    5.01   14.66   14.72   13.82   13.15   12.56    94    16
 20121030010000 63158     38.580    -74.920   22.9  236    1.00    1.90 -999.99    4.88   14.66   14.34   11.87    9.54    7.77   101    44    2.00    5.65    5.38    4.71    4.26    3.91   233    35    4.45   14.66   14.34   13.31   12.71   12.16    94    15
 20121030020000 63158     38.580    -74.920   21.9  223    0.95    1.87 -999.99    4.49   14.66   14.03   11.02    8.75    7.19   111    47    2.25    5.65    5.83    5.21    4.64    4.23   210    33    3.88   14.66   14.03   12.97   12.44   11.92    95    15
 20121030030000 63158     38.580    -74.920   21.0  209    0.90    1.83 -999.99    4.34   13.33   13.38   10.13    8.13    6.84   126    48    2.71    7.52    7.37    6.07    5.33    4.80   190    29    3.38   13.33   13.38   12.75   12.27   11.82    95    15
 20121030040000 63158     38.580    -74.920   20.1  208    0.85    1.80 -999.99    4.28   13.33   13.18    9.63    7.92    6.79   137    45    3.01    9.09    8.68    6.69    5.86    5.25   181    26    3.04   13.33   13.18   12.53   12.11   11.72    97    17
 20121030050000 63158     38.580    -74.920   19.2  206    0.81    1.77 -999.99    4.14   13.33   13.05    9.41    7.82    6.75   141    42    3.03    9.09    8.86    6.90    6.03    5.38   177    24    2.82   13.33   13.05   12.32   11.91   11.55   100    19
 20121030060000 63158     38.580    -74.920   18.4  204    0.77    1.74 -999.99    3.97   13.33   12.94    9.23    7.70    6.65   143    41    2.96    9.09    8.84    6.92    6.05    5.40   175    23    2.64   13.33   12.95   12.17   11.73   11.34   102    21
 20121030070000 63158     38.580    -74.920   17.5  200    0.72    1.71 -999.99    3.82   13.33   12.95    9.09    7.59    6.58   145    40    2.95    9.09    8.85    6.97    6.12    5.46   173    22    2.44   13.33   12.96   12.19   11.75   11.34   101    20
 20121030080000 63158     38.580    -74.920   16.6  195    0.68    1.68 -999.99    3.71    9.09    9.08    8.98    7.53    6.55   145    38    2.90    9.09    8.83    6.98    6.14    5.48   172    21    2.32   13.33   13.02   12.10   11.66   11.27   102    21
 20121030090000 63158     38.580    -74.920   15.8  190    0.64    1.65 -999.99    3.64    9.09    9.11    8.93    7.52    6.55   145    37    2.89    9.09    8.88    7.07    6.22    5.56   169    20    2.21   13.33   12.98   12.10   11.68   11.27   102    20
 20121030100000 63158     38.580    -74.920   15.5  190    0.63    1.64 -999.99    3.59    9.09    9.20    8.88    7.50    6.53   145    35    2.77    9.09    8.80    6.93    6.10    5.46   169    20    2.28   13.33   12.85   11.75   11.33   10.93   108    23
 20121030110000 63158     38.580    -74.920   15.3  191    0.62    1.64 -999.99    3.54    9.09    9.27    8.81    7.46    6.50   145    35    2.72    9.09    8.77    6.89    6.06    5.41   168    20    2.27   11.01   11.51   11.58   11.15   10.77   110    23
 20121030120000 63158     38.580    -74.920   15.1  192    0.61    1.63 -999.99    3.48    9.09    9.33    8.74    7.40    6.45   145    34    2.67    9.09    8.73    6.85    6.01    5.37   168    20    2.23   11.01   11.46   11.44   11.01   10.61   112    24
 20121030130000 63158     38.580    -74.920   15.2  192    0.62    1.63 -999.99    3.42   11.01   11.16    8.65    7.31    6.37   146    33    2.64    9.09    8.66    6.79    5.96    5.32   168    20    2.19   11.01   11.45   11.34   10.90   10.51   113    24
 20121030140000 63158     38.580    -74.920   15.4  192    0.62    1.64 -999.99    3.38   11.01   11.07    8.54    7.22    6.30   147    33    2.63    8.26    8.49    6.74    5.92    5.29   168    20    2.13   11.01   11.38   11.26   10.82   10.42   114    24
 20121030150000 63158     38.580    -74.920   15.5  193    0.63    1.64 -999.99    3.36   11.01   10.86    8.45    7.15    6.25   148    33    2.63    8.26    8.41    6.72    5.90    5.27   168    21    2.09   11.01   11.27   11.19   10.75   10.36   115    24
 20121030160000 63158     38.580    -74.920   14.4  198    0.58    1.60 -999.99    3.28   11.01   10.75    8.47    7.17    6.26   148    32    2.33    8.26    7.93    6.31    5.55    4.98   172    21    2.31   11.01   10.79   10.66   10.17    9.75   123    25
 20121030170000 63158     38.580    -74.920   13.2  205    0.52    1.56 -999.99    3.14   11.01   10.80    8.57    7.23    6.29   147    33    1.90    7.52    7.40    5.75    5.05    4.54   178    21    2.49   11.01   10.82   10.21    9.67    9.25   129    25
 20121030180000 63158     38.580    -74.920   12.1  213    0.47    1.52 -999.99    2.97   11.01   10.84    8.67    7.29    6.31   146    33    1.50    6.21    6.17    5.13    4.50    4.05   187    22    2.56   11.01   10.84    9.88    9.26    8.81   133    25
 20121030190000 63158     38.580    -74.920   11.7  214    0.45    1.51 -999.99    2.80   11.01   10.88    8.70    7.27    6.25   145    33    1.33    5.65    5.90    4.82    4.22    3.81   190    23    2.47   11.01   10.88    9.83    9.19    8.76   134    26
 20121030200000 63158     38.580    -74.920   11.2  215    0.43    1.49 -999.99    2.64   11.01   10.88    8.63    7.15    6.13   145    34    1.26    5.65    5.87    4.67    4.11    3.71   191    23    2.32   11.01   10.88    9.79    9.14    8.71   133    27
 20121030210000 63158     38.580    -74.920   10.8  216    0.41    1.48 -999.99    2.49   11.01   10.90    8.52    7.01    5.99   145    35    1.16    5.65    5.48    4.45    3.93    3.57   193    23    2.20   11.01   10.90    9.66    8.97    8.53   133    28
 20121030220000 63158     38.580    -74.920    9.7  217    0.37    1.44 -999.99    2.34   11.01   10.96    8.45    6.93    5.92   144    36    1.01    5.13    5.03    4.12    3.67    3.34   197    23    2.12   11.01   10.96    9.43    8.67    8.22   133    30
 20121030230000 63158     38.580    -74.920    8.7  219    0.32    1.40 -999.99    2.20   11.01   11.07    8.47    6.93    5.92   142    37    0.85    4.67    4.59    3.81    3.41    3.13   200    23    2.03   11.01   11.07    9.27    8.44    7.95   134    31
 20121031000000 63158     38.580    -74.920    7.6  221    0.28    1.37 -999.99    2.07   11.01   11.31    8.54    7.01    5.98   140    37    0.67    4.26    4.12    3.46    3.12    2.87   204    23    1.96   11.01   11.31    9.14    8.22    7.69   133    33
 20121031010000 63158     38.580    -74.920    8.1  225    0.30    1.38 -999.99    1.97   12.12   11.57    8.58    7.00    5.94   137    38    0.64    4.26    4.06    3.44    3.09    2.83   203    23    1.86   12.12   11.57    9.19    8.25    7.70   131    34
 20121031020000 63158     38.580    -74.920    8.6  228    0.32    1.40 -999.99    1.89   12.12   11.62    8.56    6.89    5.79   136    39    0.64    3.86    3.88    3.39    3.04    2.79   204    23    1.78   12.12   11.62    9.23    8.26    7.71   129    34
 20121031030000 63158     38.580    -74.920    9.2  231    0.35    1.42 -999.99    1.82   11.01   11.53    8.50    6.73    5.62   135    41    0.66    3.86    3.79    3.36    3.02    2.77   205    24    1.70   11.01   11.53    9.28    8.27    7.71   126    35
 20121031040000 63158     38.580    -74.920    9.0  231    0.34    1.41 -999.99    1.77   11.01   11.44    8.46    6.62    5.50   134    42    0.67    3.51    3.63    3.35    3.01    2.77   206    25    1.64   11.01   11.44    9.31    8.25    7.67   124    35
 20121031050000 63158     38.580    -74.920    8.7  230    0.33    1.41 -999.99    1.73   11.01   11.33    8.44    6.55    5.44   132    43    0.66    3.86    3.69    3.32    2.99    2.76   207    25    1.60   11.01   11.33    9.31    8.20    7.61   122    36
 20121031060000 63158     38.580    -74.920    8.5  230    0.32    1.40 -999.99    1.70   11.01   11.25    8.44    6.53    5.42   131    43    0.63    3.86    3.69    3.25    2.94    2.71   208    25    1.58   11.01   11.25    9.27    8.12    7.53   122    36
 20121031070000 63158     38.580    -74.920    8.4  232    0.31    1.40 -999.99    1.69   11.01   11.17    8.44    6.53    5.42   131    43    0.62    3.86    3.76    3.24    2.93    2.71   209    25    1.57   11.01   11.17    9.26    8.09    7.48   122    36
 20121031080000 63158     38.580    -74.920    8.4  233    0.31    1.39 -999.99    1.68   11.01   11.11    8.48    6.55    5.44   130    43    0.60    3.51    3.52    3.16    2.87    2.65   211    25    1.57   11.01   11.11    9.25    8.05    7.43   122    36
 20121031090000 63158     38.580    -74.920    8.3  235    0.31    1.39 -999.99    1.67   11.01   11.05    8.56    6.60    5.47   129    43    0.58    3.51    3.53    3.12    2.83    2.62   213    25    1.56   11.01   11.05    9.31    8.09    7.46   121    36
 20121031100000 63158     38.580    -74.920    7.8  235    0.29    1.37 -999.99    1.65   11.01   11.02    8.68    6.70    5.54   128    43    0.55    3.51    3.40    3.05    2.78    2.58   215    25    1.56   11.01   11.02    9.37    8.11    7.45   120    36
 20121031110000 63158     38.580    -74.920    7.4  234    0.27    1.36 -999.99    1.64   11.01   10.99    8.84    6.85    5.66   126    42    0.51    3.51    3.39    2.99    2.73    2.54   215    24    1.56   11.01   10.99    9.48    8.19    7.51   120    36
 20121031120000 63158     38.580    -74.920    7.0  234    0.26    1.34 -999.99    1.63   11.01   10.98    9.02    7.03    5.82   124    41    0.46    3.19    3.20    2.88    2.63    2.45   217    24    1.57   11.01   10.98    9.54    8.21    7.51   119    36
 20121031130000 63158     38.580    -74.920    7.2  234    0.26    1.35 -999.99    1.63   11.01   10.97    9.15    7.15    5.91   123    41    0.46    3.51    3.39    2.89    2.64    2.46   215    24    1.57   11.01   10.97    9.67    8.35    7.66   118    35
 20121031140000 63158     38.580    -74.920    7.4  234    0.27    1.36 -999.99    1.64   11.01   10.97    9.23    7.21    5.95   123    40    0.46    3.19    3.27    2.92    2.67    2.48   213    24    1.57   11.01   10.97    9.78    8.46    7.76   118    35
 20121031150000 63158     38.580    -74.920    7.6  234    0.28    1.36 -999.99    1.65   14.66   14.44    9.31    7.23    5.94   123    40    0.47    3.19    3.28    2.91    2.66    2.47   213    25    1.58   14.66   14.44    9.87    8.53    7.81   118    35
 20121031160000 63158     38.580    -74.920    6.8  235    0.25    1.34 -999.99    1.64   14.66   14.53    9.44    7.36    6.06   122    40    0.42    3.19    3.14    2.79    2.56    2.38   217    24    1.59   14.66   14.53    9.91    8.48    7.73   118    35
 20121031170000 63158     38.580    -74.920    6.0  237    0.22    1.31 -999.99    1.62   14.66   14.74    9.65    7.59    6.28   120    39    0.34    2.90    2.87    2.60    2.39    2.24   222    23    1.59   14.66   14.74    9.97    8.44    7.61   117    35
 20121031180000 63158     38.580    -74.920    5.2  240    0.19    1.28 -999.99    1.60   14.66   15.02    9.88    7.88    6.57   118    37    0.26    2.64    2.66    2.39    2.21    2.07   228    22    1.58   14.66   15.02   10.09    8.47    7.58   116    35
 20121031190000 63158     38.580    -74.920    5.5  236    0.20    1.29 -999.99    1.59   14.66   15.21   10.09    8.09    6.75   116    36    0.25    2.64    2.63    2.41    2.22    2.07   220    23    1.57   14.66   15.21   10.29    8.69    7.81   114    34
 20121031200000 63158     38.580    -74.920    5.8  233    0.21    1.30 -999.99    1.58   14.66   15.28   10.24    8.18    6.78   114    36    0.27    2.64    2.61    2.43    2.23    2.08   215    23    1.56   14.66   15.28   10.46    8.88    8.00   113    34
 20121031210000 63158     38.580    -74.920    6.0  230    0.22    1.31 -999.99    1.57   14.66   15.20   10.34    8.19    6.70   113    36    0.30    2.64    2.65    2.52    2.30    2.14   211    22    1.54   14.66   15.20   10.63    9.06    8.19   111    33
 20121031220000 63158     38.580    -74.920    5.6  241    0.20    1.29 -999.99    1.57   14.66   15.10   10.45    8.24    6.71   112    36    0.26    2.40    2.46    2.28    2.11    1.97   222    23    1.55   14.66   15.10   10.67    8.95    7.95   111    33
 20121031230000 63158     38.580    -74.920    5.1  254    0.18    1.28 -999.99    1.56   14.66   14.98   10.58    8.39    6.82   111    35    0.21    2.40    2.37    2.11    1.96    1.83   238    24    1.54   14.66   14.98   10.74    8.93    7.83   110    33
 20121101000000 63158     38.580    -74.920    4.6  270    0.16    1.26 -999.99    1.55   14.66   14.92   10.71    8.51    6.89   110    34    0.18    2.18    2.20    1.96    1.81    1.70   259    24    1.54   14.66   14.92   10.83    8.96    7.75   110    33
 20121101010000 63158     38.580    -74.920    5.2  268    0.19    1.28 -999.99    1.55   14.66   14.86   10.70    8.26    6.47   109    36    0.26    2.40    2.35    2.11    1.96    1.84   267    27    1.53   14.66   14.86   10.96    9.14    7.97   108    33
 20121101020000 63158     38.580    -74.920    5.8  267    0.21    1.30 -999.99    1.54   14.66   14.82   10.78    8.37    6.63   108    36    0.29    2.40    2.51    2.32    2.16    2.04   266    26    1.52   14.66   14.82   11.09    9.35    8.23   107    32
 20121101030000 63158     38.580    -74.920    6.4  265    0.23    1.33 -999.99    1.53   14.66   14.77   10.90    8.54    6.78   107    36    0.29    2.64    2.55    2.34    2.19    2.06   266    26    1.50   14.66   14.77   11.22    9.55    8.48   106    31
 20121101040000 63158     38.580    -74.920    6.3  271    0.23    1.32 -999.99    1.53   14.66   14.72   10.90    8.46    6.73   106    37    0.33    2.64    2.68    2.54    2.39    2.27   273    26    1.50   14.66   14.72   11.31    9.66    8.59   105    31
 20121101050000 63158     38.580    -74.920    6.1  276    0.22    1.31 -999.99    1.51   14.66   14.69   11.09    8.82    7.13   105    36    0.28    2.64    2.69    2.54    2.39    2.26   278    24    1.49   14.66   14.69   11.40    9.79    8.71   105    30
 20121101060000 63158     38.580    -74.920    5.9  282    0.21    1.31 -999.99    1.50   14.66   14.65   11.24    9.06    7.34   104    34    0.25    2.64    2.59    2.37    2.23    2.11   285    23    1.48   14.66   14.65   11.48    9.90    8.82   104    30
 20121101070000 63158     38.580    -74.920    6.4  279    0.23    1.32 -999.99    1.50   14.66   14.62   11.20    8.85    7.01   103    35    0.29    2.64    2.58    2.41    2.26    2.14   293    24    1.47   14.66   14.62   11.55   10.02    8.98   103    29
 20121101080000 63158     38.580    -74.920    6.9  276    0.25    1.34 -999.99    1.50   14.66   14.59   11.19    8.74    6.84   102    36    0.32    2.64    2.64    2.47    2.31    2.18   289    26    1.46   14.66   14.59   11.62   10.13    9.11   102    29
 20121101090000 63158     38.580    -74.920    7.4  274    0.27    1.36 -999.99    1.50   14.66   14.57   11.16    8.59    6.68   102    37    0.36    2.64    2.70    2.55    2.39    2.26   282    29    1.45   14.66   14.57   11.69   10.24    9.25   102    28
 20121101100000 63158     38.580    -74.920    6.7  276    0.24    1.33 -999.99    1.49   14.66   14.56   11.25    8.79    6.91   101    36    0.34    2.64    2.74    2.58    2.43    2.31   280    28    1.45   14.66   14.56   11.74   10.29    9.27   101    28
 20121101110000 63158     38.580    -74.920    5.9  278    0.21    1.31 -999.99    1.47   14.66   14.57   11.43    9.15    7.30   101    34    0.29    2.64    2.65    2.48    2.34    2.22   282    27    1.44   14.66   14.57   11.78   10.33    9.30   101    28
 20121101120000 63158     38.580    -74.920    5.2  280    0.19    1.28 -999.99    1.46   14.66   14.62   11.56    9.40    7.53   100    32    0.24    2.64    2.54    2.31    2.17    2.05   284    26    1.44   14.66   14.62   11.82   10.34    9.27   100    28
 20121101130000 63158     38.580    -74.920    5.9  279    0.21    1.31 -999.99    1.46   14.66   14.72   11.54    9.13    7.01   100    32    0.28    2.40    2.40    2.25    2.09    1.97   285    29    1.43   14.66   14.72   11.90   10.50    9.49   100    27
 20121101140000 63158     38.580    -74.920    6.6  278    0.24    1.33 -999.99    1.47   14.66   14.90   11.46    8.89    6.83    99    35    0.34    2.64    2.64    2.48    2.32    2.19   283    31    1.43   14.66   14.90   11.97   10.59    9.59    99    26
 20121101150000 63158     38.580    -74.920    7.3  278    0.27    1.36 -999.99    1.46   14.66   15.19   11.51    9.01    7.02    99    35    0.35    2.64    2.74    2.61    2.46    2.33   282    27    1.42   14.66   15.19   12.05   10.76    9.83    99    25
 20121101160000 63158     38.580    -74.920    7.0  279    0.26    1.35 -999.99    1.46   16.13   15.41   11.57    9.08    7.05    98    35    0.35    2.90    2.79    2.60    2.45    2.32   284    26    1.41   16.13   15.41   12.11   10.84    9.92    98    25
 20121101170000 63158     38.580    -74.920    6.7  281    0.24    1.33 -999.99    1.45   16.13   15.47   11.64    9.15    7.10    97    34    0.33    2.64    2.75    2.56    2.41    2.29   286    27    1.41   16.13   15.47   12.15   10.86    9.90    98    25
 20121101180000 63158     38.580    -74.920    6.4  283    0.23    1.32 -999.99    1.44   16.13   15.52   11.73    9.36    7.34    97    33    0.31    2.64    2.69    2.54    2.40    2.28   289    27    1.40   16.13   15.52   12.18   10.88    9.91    97    25
 20121101190000 63158     38.580    -74.920    6.9  285    0.25    1.34 -999.99    1.43   16.13   15.54   11.78    9.39    7.33    96    32    0.31    2.64    2.65    2.53    2.38    2.26   291    29    1.39   16.13   15.54   12.23   10.98   10.06    97    24
 20121101200000 63158     38.580    -74.920    7.4  286    0.27    1.36 -999.99    1.43   16.13   15.56   11.70    9.11    6.99    96    34    0.34    2.64    2.70    2.55    2.40    2.28   294    30    1.39   16.13   15.56   12.26   10.99   10.02    97    24
 20121101210000 63158     38.580    -74.920    7.9  287    0.29    1.38 -999.99    1.43   16.13   15.55   11.58    8.80    6.66    95    36    0.39    2.90    2.84    2.63    2.47    2.34   296    31    1.38   16.13   15.55   12.29   11.03   10.06    96    23
 20121101220000 63158     38.580    -74.920    9.9  294    0.38    1.45 -999.99    1.45   16.13   15.54   11.22    8.00    5.92    93    41    0.50    3.19    3.05    2.77    2.59    2.44   302    31    1.36   16.13   15.54   12.36   11.17   10.23    96    22
 20121101230000 63158     38.580    -74.920    9.7  294    0.37    1.44 -999.99    1.47   16.13   15.53   10.85    7.43    5.51    91    46    0.59    3.19    3.19    2.91    2.71    2.54   303    31    1.35   16.13   15.53   12.38   11.16   10.23    95    22
 20121102000000 63158     38.580    -74.920    9.5  295    0.36    1.43 -999.99    1.48   16.13   15.52   10.69    7.21    5.36    89    48    0.63    3.51    3.38    2.98    2.76    2.58   304    31    1.34   16.13   15.52   12.38   11.14   10.19    95    22
 20121102010000 63158     38.580    -74.920    9.4  293    0.36    1.43 -999.99    1.47   16.13   15.51   10.66    7.18    5.34    88    48    0.63    3.51    3.40    3.01    2.78    2.59   305    30    1.33   16.13   15.51   12.37   11.12   10.17    94    23
 20121102020000 63158     38.580    -74.920    9.3  292    0.35    1.43 -999.99    1.45   16.13   15.52   10.70    7.22    5.38    87    48    0.62    3.51    3.40    3.01    2.78    2.60   306    29    1.32   16.13   15.52   12.38   11.11   10.16    94    23
 20121102030000 63158     38.580    -74.920    9.2  291    0.35    1.42 -999.99    1.44   16.13   15.52   10.73    7.26    5.40    87    47    0.60    3.51    3.40    2.99    2.77    2.59   306    29    1.30   16.13   15.52   12.38   11.10   10.15    94    23
 20121102040000 63158     38.580    -74.920    9.6  290    0.36    1.44 -999.99    1.43   16.13   15.52   10.67    7.18    5.34    87    48    0.61    3.51    3.40    3.00    2.77    2.59   305    29    1.29   16.13   15.52   12.39   11.14   10.21    94    22
 20121102050000 63158     38.580    -74.920   10.0  289    0.38    1.45 -999.99    1.43   16.13   15.50   10.52    6.97    5.20    86    50    0.64    3.51    3.42    3.02    2.79    2.61   304    30    1.28   16.13   15.50   12.39   11.14   10.22    94    22
 20121102060000 63158     38.580    -74.920   10.4  288    0.40    1.46 -999.99    1.43   16.13   15.47   10.29    6.71    5.02    85    52    0.68    3.51    3.46    3.06    2.82    2.63   303    30    1.26   16.13   15.47   12.37   11.08   10.15    93    23
 20121102070000 63158     38.580    -74.920   10.6  287    0.41    1.47 -999.99    1.44   16.13   15.43   10.06    6.48    4.88    83    55    0.71    3.51    3.53    3.12    2.87    2.67   303    31    1.25   16.13   15.43   12.33   11.00   10.03    93    24
 20121102080000 63158     38.580    -74.920   10.9  287    0.42    1.48 -999.99    1.44   16.13   15.38    9.88    6.30    4.78    81    57    0.74    3.51    3.60    3.16    2.90    2.70   303    31    1.23   16.13   15.38   12.32   10.97    9.99    93    24
 20121102090000 63158     38.580    -74.920   11.1  286    0.43    1.49 -999.99    1.44   14.66   15.27    9.70    6.14    4.68    79    59    0.77    3.51    3.67    3.19    2.94    2.73   302    31    1.22   14.66   15.27   12.33   11.00   10.01    92    24
 20121102100000 63158     38.580    -74.920   11.3  285    0.44    1.50 -999.99    1.44   14.66   15.16    9.53    6.00    4.60    77    61    0.80    3.86    3.71    3.23    2.97    2.76   299    31    1.20   14.66   15.16   12.34   11.03   10.04    92    23
 20121102110000 63158     38.580    -74.920   11.4  285    0.44    1.50 -999.99    1.44   14.66   15.07    9.38    5.88    4.53    76    62    0.82    3.86    3.74    3.25    2.99    2.79   297    31    1.18   14.66   15.07   12.36   11.05   10.08    92    23
 20121102120000 63158     38.580    -74.920   11.6  284    0.45    1.51 -999.99    1.43   14.66   15.00    9.28    5.79    4.47    75    63    0.83    3.86    3.75    3.26    3.00    2.79   296    31    1.16   14.66   15.00   12.36   11.04   10.01    92    23
 20121102130000 63158     38.580    -74.920   10.8  284    0.42    1.48 -999.99    1.40   14.66   14.94    9.36    5.85    4.51    76    63    0.80    3.86    3.75    3.25    2.99    2.78   296    31    1.15   14.66   14.94   12.32   10.93    9.85    91    24
 20121102140000 63158     38.580    -74.920   10.0  283    0.38    1.45 -999.99    1.36   14.66   14.91    9.57    6.01    4.59    78    61    0.74    3.86    3.70    3.19    2.94    2.73   296    30    1.14   14.66   14.91   12.28   10.82    9.67    91    25
 20121102150000 63158     38.580    -74.920    9.3  282    0.35    1.42 -999.99    1.31   14.66   14.86    9.86    6.24    4.72    81    58    0.67    3.51    3.50    3.10    2.86    2.67   295    29    1.13   14.66   14.86   12.25   10.72    9.51    91    26
 20121102160000 63158     38.580    -74.920    9.9  281    0.38    1.45 -999.99    1.29   14.66   14.82    9.94    6.26    4.70    83    57    0.66    3.51    3.42    3.06    2.82    2.63   294    29    1.11   14.66   14.82   12.37   10.97    9.81    92    24
 20121102170000 63158     38.580    -74.920   10.5  279    0.40    1.47 -999.99    1.29   14.66   14.80    9.83    6.12    4.61    82    58    0.68    3.51    3.43    3.05    2.82    2.63   293    30    1.09   14.66   14.80   12.44   11.14   10.07    92    23
 20121102180000 63158     38.580    -74.920   11.1  278    0.43    1.49 -999.99    1.30   14.66   14.78    9.57    5.89    4.46    81    61    0.72    3.51    3.50    3.09    2.85    2.66   292    31    1.08   14.66   14.78   12.44   11.14   10.10    92    23
 20121102190000 63158     38.580    -74.920   11.5  284    0.45    1.50 -999.99    1.33   14.66   14.77    9.23    5.64    4.33    76    64    0.79    3.86    3.70    3.19    2.93    2.73   294    31    1.07   14.66   14.77   12.48   11.21   10.18    92    22
 20121102200000 63158     38.580    -74.920   11.9  289    0.46    1.52 -999.99    1.36   14.66   14.75    8.92    5.46    4.25    67    66    0.85    3.86    3.76    3.28    3.02    2.80   299    30    1.06   14.66   14.75   12.51   11.29   10.27    92    22
 20121102210000 63158     38.580    -74.920   12.3  294    0.48    1.53 -999.99    1.38   14.66   14.72    8.64    5.31    4.19    56    67    0.90    3.86    3.80    3.36    3.09    2.86   305    30    1.05   14.66   14.72   12.51   11.31   10.31    92    22
 20121102220000 63158     38.580    -74.920   12.1  295    0.47    1.52 -999.99    1.39   14.66   14.69    8.49    5.27    4.18    49    67    0.92    3.86    3.87    3.42    3.14    2.91   308    29    1.04   14.66   14.69   12.44   11.18   10.18    92    23
 20121102230000 63158     38.580    -74.920   11.9  296    0.46    1.52 -999.99    1.39   14.66   14.67    8.41    5.25    4.18    46    66    0.93    3.86    3.92    3.47    3.18    2.94   310    29    1.03   14.66   14.67   12.43   11.16   10.11    92    23
 20121103000000 63158     38.580    -74.920   11.7  297    0.45    1.51 -999.99    1.38   14.66   14.64    8.35    5.23    4.18    43    66    0.93    3.86    3.97    3.49    3.20    2.96   311    29    1.02   14.66   14.64   12.40   11.11   10.03    91    23
 20121103010000 63158     38.580    -74.920   12.1  295    0.47    1.52 -999.99    1.38   14.66   14.60    8.21    5.14    4.13    39    67    0.95    3.86    4.00    3.50    3.20    2.97   311    29    1.01   14.66   14.60   12.38   11.09   10.04    91    23
 20121103020000 63158     38.580    -74.920   12.6  294    0.49    1.54 -999.99    1.40   14.66   14.55    8.02    5.04    4.08    32    68    0.98    4.26    4.06    3.52    3.22    2.99   309    29    1.00   14.66   14.55   12.31   10.95    9.85    90    24
 20121103030000 63158     38.580    -74.920   13.1  292    0.51    1.56 -999.99    1.41   14.66   14.51    7.81    4.95    4.03    24    68    1.01    4.26    4.10    3.55    3.25    3.02   308    30    0.99   14.66   14.51   12.27   10.85    9.70    90    25
 20121103040000 63158     38.580    -74.920   12.9  294    0.51    1.55 -999.99    1.42   14.66   14.45    7.67    4.90    4.02    18    68    1.03    4.26    4.15    3.61    3.30    3.06   310    30    0.97   14.66   14.45   12.26   10.83    9.68    90    25
 20121103050000 63158     38.580    -74.920   12.8  296    0.50    1.55 -999.99    1.42   14.66   14.39    7.57    4.87    4.01    15    67    1.04    4.26    4.17    3.64    3.33    3.08   311    30    0.96   14.66   14.39   12.28   10.88    9.71    90    24
 20121103060000 63158     38.580    -74.920   12.6  298    0.50    1.54 -999.99    1.41   14.66   14.33    7.51    4.84    4.00    13    66    1.04    4.26    4.18    3.65    3.34    3.09   313    29    0.94   14.66   14.33   12.26   10.84    9.64    90    24
 20121103070000 63158     38.580    -74.920   12.8  296    0.50    1.55 -999.99    1.40   14.66   14.29    7.41    4.79    3.96    10    66    1.05    4.26    4.18    3.65    3.34    3.09   312    29    0.93   14.66   14.29   12.25   10.85    9.63    89    23
 20121103080000 63158     38.580    -74.920   12.9  294    0.51    1.55 -999.99    1.39   14.66   14.23    7.31    4.73    3.93     6    67    1.05    4.26    4.18    3.64    3.33    3.08   310    30    0.91   14.66   14.23   12.17   10.71    9.47    88    24
 20121103090000 63158     38.580    -74.920   13.1  292    0.52    1.56 -999.99    1.39   14.66   14.20    7.20    4.68    3.90     2    67    1.05    4.26    4.16    3.63    3.32    3.08   308    30    0.90   14.66   14.20   12.05   10.50    9.22    87    26
 20121103100000 63158     38.580    -74.920   13.1  296    0.52    1.56 -999.99    1.38   14.66   14.14    7.09    4.64    3.88   359    66    1.07    4.26    4.18    3.66    3.35    3.10   310    30    0.88   14.66   14.14   12.14   10.71    9.48    89    24
 20121103110000 63158     38.580    -74.920   13.1  301    0.51    1.56 -999.99    1.38   14.66   14.09    6.97    4.60    3.87   358    65    1.09    4.26    4.21    3.70    3.38    3.13   314    29    0.86   14.66   14.09   12.18   10.81    9.57    89    23
 20121103120000 63158     38.580    -74.920   13.0  305    0.51    1.56 -999.99    1.39   14.66   14.01    6.85    4.57    3.86   357    63    1.10    4.26    4.25    3.74    3.42    3.16   317    28    0.84   14.66   14.01   12.19   10.86    9.60    90    22
 20121103130000 63158     38.580    -74.920   12.5  306    0.49    1.54 -999.99    1.37   13.33   13.92    6.82    4.57    3.86   358    62    1.09    4.26    4.27    3.76    3.43    3.17   319    28    0.83   13.33   13.92   12.14   10.81    9.52    89    21
 20121103140000 63158     38.580    -74.920   12.0  307    0.47    1.52 -999.99    1.33   13.33   13.84    6.86    4.57    3.85     1    62    1.05    4.26    4.23    3.73    3.41    3.15   319    27    0.81   13.33   13.84   12.07   10.66    9.26    89    21
 20121103150000 63158     38.580    -74.920   11.5  308    0.44    1.50 -999.99    1.28   13.33   13.80    6.93    4.58    3.84     4    62    1.00    4.26    4.18    3.68    3.36    3.11   320    27    0.80   13.33   13.80   11.97   10.49    9.07    88    22
 20121103160000 63158     38.580    -74.920   11.5  307    0.45    1.50 -999.99    1.25   13.33   13.72    6.93    4.55    3.81     6    62    0.97    4.26    4.14    3.62    3.31    3.06   320    26    0.79   13.33   13.72   11.90   10.41    9.00    87    22
 20121103170000 63158     38.580    -74.920   11.5  306    0.45    1.50 -999.99    1.24   13.33   13.68    6.87    4.51    3.78     5    62    0.96    4.26    4.12    3.59    3.28    3.04   319    26    0.78   13.33   13.68   11.78   10.23    8.83    87    22
 20121103180000 63158     38.580    -74.920   11.6  305    0.45    1.50 -999.99    1.23   13.33   13.61    6.79    4.47    3.75     4    62    0.96    4.26    4.12    3.58    3.27    3.03   319    26    0.77   13.33   13.61   11.71   10.16    8.80    86    23
 20121103190000 63158     38.580    -74.920   11.7  307    0.46    1.51 -999.99    1.23   13.33   13.56    6.67    4.43    3.73     2    61    0.97    4.26    4.13    3.59    3.28    3.04   320    26    0.76   13.33   13.56   11.68   10.19    8.85    87    23
 20121103200000 63158     38.580    -74.920   11.9  309    0.46    1.52 -999.99    1.24   13.33   13.51    6.52    4.38    3.71   360    60    0.99    4.26    4.14    3.63    3.31    3.06   322    27    0.74   13.33   13.51   11.67   10.27    9.00    87    22
 20121103210000 63158     38.580    -74.920   12.1  311    0.47    1.52 -999.99    1.25   13.33   13.46    6.37    4.34    3.70   358    59    1.01    4.26    4.17    3.66    3.35    3.09   323    26    0.73   13.33   13.46   11.63   10.26    9.01    87    22
 20121103220000 63158     38.580    -74.920   12.6  311    0.49    1.54 -999.99    1.27   13.33   13.40    6.19    4.28    3.67   355    57    1.05    4.26    4.20    3.70    3.38    3.12   324    26    0.71   13.33   13.40   11.55   10.18    8.92    87    22
 20121103230000 63158     38.580    -74.920   13.1  310    0.52    1.56 -999.99    1.30   13.33   13.35    5.99    4.23    3.66   351    56    1.10    4.26    4.25    3.75    3.42    3.16   325    27    0.70   13.33   13.35   11.46   10.06    8.77    87    22
 20121104000000 63158     38.580    -74.920   13.6  310    0.54    1.57 -999.99    1.34    4.26    4.36    5.81    4.20    3.66   348    54    1.15    4.26    4.35    3.82    3.48    3.22   325    27    0.69   13.33   13.28   11.32    9.86    8.56    86    23
 20121104010000 63158     38.580    -74.920   12.4  310    0.49    1.53 -999.99    1.32    4.67    4.47    5.80    4.23    3.69   348    54    1.12    4.67    4.47    3.85    3.51    3.24   325    27    0.69   13.33   13.21   11.00    9.36    8.05    84    27
 20121104020000 63158     38.580    -74.920   11.2  309    0.43    1.49 -999.99    1.24   13.33   13.09    5.90    4.24    3.68   350    55    1.03    4.26    4.33    3.78    3.45    3.19   324    26    0.69   13.33   13.09   10.70    8.90    7.53    82    29