TPAR
20121023.000000 0.7 9.22 160.0 25.0
20121023.010000 0.7 9.27 160.0 24.0
20121023.020000 0.7 9.30 160.0 22.0
20121023.030000 0.7 9.34 160.0 21.0
20121023.040000 0.7 9.37 161.0 25.0
20121023.050000 0.7 9.40 161.0 25.0
20121023.060000 0.7 9.42 166.0 40.0
20121023.070000 0.7 9.46 162.0 28.0
20121023.080000 0.6 9.47 161.0 22.0
20121023.090000 0.6 9.48 161.0 19.0
20121023.100000 0.6 9.45 161.0 18.0
20121023.110000 0.6 9.43 161.0 17.0
20121023.120000 0.6 9.39 161.0 17.0
20121023.130000 0.6 9.35 162.0 17.0
20121023.140000 0.6 9.29 162.0 17.0
20121023.150000 0.6 9.25 162.0 17.0
20121023.160000 0.6 9.21 162.0 17.0
20121023.170000 0.6 9.17 162.0 17.0
20121023.180000 0.6 9.14 162.0 17.0
20121023.190000 0.6 9.12 162.0 17.0
20121023.200000 0.6 9.09 162.0 17.0
20121023.210000 0.6 9.07 162.0 17.0
20121023.220000 0.6 9.06 160.0 18.0
20121023.230000 0.6 9.04 156.0 21.0
20121024.000000 0.6 9.03 155.0 23.0
20121024.010000 0.6 9.01 152.0 26.0
20121024.020000 0.6 9.00 149.0 29.0
20121024.030000 0.6 8.98 145.0 31.0
20121024.040000 0.6 8.97 141.0 35.0
20121024.050000 0.7 8.95 138.0 37.0
20121024.060000 0.7 8.94 135.0 39.0
20121024.070000 0.7 8.92 133.0 40.0
20121024.080000 0.7 8.91 131.0 41.0
20121024.090000 0.7 8.89 129.0 43.0
20121024.100000 0.6 8.87 130.0 43.0
20121024.110000 0.6 8.85 134.0 41.0
20121024.120000 0.6 8.83 139.0 38.0
20121024.130000 0.5 8.81 142.0 35.0
20121024.140000 0.5 8.77 145.0 33.0
20121024.150000 0.5 8.74 147.0 31.0
20121024.160000 0.5 8.69 149.0 30.0
20121024.170000 0.5 8.65 150.0 29.0
20121024.180000 0.5 8.59 150.0 29.0
20121024.190000 0.5 8.55 150.0 29.0
20121024.200000 0.5 8.51 150.0 29.0
20121024.210000 0.5 8.49 151.0 29.0
20121024.220000 0.4 8.47 152.0 28.0
20121024.230000 0.4 8.46 153.0 27.0
20121025.000000 0.4 8.44 154.0 26.0
20121025.010000 0.4 8.45 154.0 25.0
20121025.020000 0.4 8.45 155.0 24.0
20121025.030000 0.4 8.47 155.0 23.0
20121025.040000 0.4 8.49 156.0 22.0
20121025.050000 0.4 8.54 156.0 22.0
20121025.060000 0.4 8.59 157.0 22.0
20121025.070000 0.4 9.60 159.0 24.0
20121025.080000 0.5 9.61 165.0 29.0
20121025.090000 0.5 9.62 169.0 31.0
20121025.100000 0.5 9.59 171.0 31.0
20121025.110000 0.5 9.58 172.0 31.0
20121025.120000 0.5 9.55 174.0 31.0
20121025.130000 0.5 9.51 175.0 31.0
20121025.140000 0.5 9.40 176.0 31.0
20121025.150000 0.5 9.35 176.0 31.0
20121025.160000 0.5 9.27 176.0 31.0
20121025.170000 0.5 9.24 175.0 30.0
20121025.180000 0.5 9.19 174.0 30.0
20121025.190000 0.5 9.16 173.0 30.0
20121025.200000 0.5 9.12 173.0 30.0
20121025.210000 0.5 9.09 173.0 30.0
20121025.220000 0.5 9.06 174.0 30.0
20121025.230000 0.5 9.04 176.0 30.0
20121026.000000 0.6 9.02 178.0 30.0
20121026.010000 0.6 8.99 180.0 30.0
20121026.020000 0.6 8.97 181.0 30.0
20121026.030000 0.6 8.95 181.0 30.0
20121026.040000 0.6 8.92 181.0 30.0
20121026.050000 0.7 8.90 181.0 29.0
20121026.060000 0.7 8.88 181.0 29.0
20121026.070000 0.7 8.85 181.0 28.0
20121026.080000 0.7 8.81 181.0 28.0
20121026.090000 0.7 8.77 180.0 27.0
20121026.100000 0.8 8.72 180.0 27.0
20121026.110000 0.8 6.09 179.0 27.0
20121026.120000 0.8 6.17 179.0 27.0
20121026.130000 0.8 6.40 178.0 27.0
20121026.140000 0.8 6.60 178.0 27.0
20121026.150000 0.8 6.67 177.0 27.0
20121026.160000 0.8 6.72 176.0 27.0
20121026.170000 0.9 6.76 174.0 27.0
20121026.180000 0.9 6.80 172.0 27.0
20121026.190000 0.9 6.84 171.0 27.0
20121026.200000 0.9 6.91 169.0 26.0
20121026.210000 1.0 7.01 168.0 26.0
20121026.220000 1.0 7.17 166.0 26.0
20121026.230000 1.0 7.27 165.0 26.0
20121027.000000 1.1 7.32 163.0 26.0
20121027.010000 1.1 7.36 162.0 25.0
20121027.020000 1.2 7.39 160.0 25.0
20121027.030000 1.3 7.44 159.0 25.0
20121027.040000 1.4 7.56 157.0 25.0
20121027.050000 1.5 7.88 156.0 24.0
20121027.060000 1.6 8.02 155.0 25.0
20121027.070000 1.7 16.1 154.0 25.0
20121027.080000 1.8 15.7 154.0 25.0
20121027.090000 1.9 14.9 153.0 25.0
20121027.100000 2.0 14.6 153.0 26.0
20121027.110000 2.1 14.4 152.0 26.0
20121027.120000 2.2 14.3 152.0 26.0
20121027.130000 2.3 14.2 152.0 27.0
20121027.140000 2.4 14.1 152.0 27.0
20121027.150000 2.5 13.8 153.0 28.0
20121027.160000 2.6 13.6 153.0 28.0
20121027.170000 2.6 13.4 154.0 28.0
20121027.180000 2.7 13.3 154.0 29.0
20121027.190000 2.7 13.2 154.0 29.0
20121027.200000 2.7 13.1 155.0 29.0
20121027.210000 2.8 13.0 156.0 30.0
20121027.220000 2.8 12.9 157.0 30.0
20121027.230000 2.9 12.5 159.0 31.0
20121028.000000 2.9 12.2 160.0 32.0
20121028.010000 3.0 12.2 161.0 32.0
20121028.020000 3.0 12.2 161.0 33.0
20121028.030000 3.1 12.3 160.0 33.0
20121028.040000 3.1 12.6 159.0 33.0
20121028.050000 3.1 12.7 159.0 32.0
20121028.060000 3.2 12.8 160.0 31.0
20121028.070000 3.2 12.8 160.0 31.0
20121028.080000 3.3 12.7 162.0 31.0
20121028.090000 3.4 12.6 163.0 32.0
20121028.100000 3.5 12.5 165.0 32.0
20121028.110000 3.6 12.6 167.0 32.0
20121028.120000 3.8 12.6 170.0 32.0
20121028.130000 4.0 12.6 170.0 32.0
20121028.140000 4.1 12.8 170.0 32.0
20121028.150000 4.2 13.0 169.0 32.0
20121028.160000 4.3 13.2 169.0 32.0
20121028.170000 4.5 13.3 169.0 31.0
20121028.180000 4.7 13.3 169.0 30.0
20121028.190000 4.8 13.3 169.0 29.0
20121028.200000 4.9 13.3 169.0 29.0
20121028.210000 5.0 13.4 169.0 29.0
20121028.220000 5.1 13.4 170.0 29.0
20121028.230000 5.2 13.4 170.0 29.0
20121029.000000 5.3 13.4 171.0 29.0
20121029.010000 5.4 13.6 171.0 28.0
20121029.020000 5.5 13.8 172.0 28.0
20121029.030000 5.6 14.0 172.0 27.0
20121029.040000 5.7 14.2 173.0 27.0
20121029.050000 5.8 14.3 174.0 27.0
20121029.060000 5.9 14.6 176.0 27.0
20121029.070000 6.0 15.0 176.0 28.0
20121029.080000 6.0 15.4 176.0 29.0
20121029.090000 6.0 15.5 176.0 29.0
20121029.100000 6.0 15.5 176.0 29.0
20121029.110000 5.9 15.5 176.0 29.0
20121029.120000 5.8 15.4 176.0 29.0
20121029.130000 5.8 15.4 176.0 30.0
20121029.140000 5.8 15.4 176.0 30.0
20121029.150000 5.8 15.4 177.0 30.0
20121029.160000 5.8 15.5 177.0 31.0
20121029.170000 5.8 15.5 178.0 33.0
20121029.180000 5.8 15.6 178.0 35.0
20121029.190000 5.8 15.6 178.0 36.0
20121029.200000 5.8 15.7 177.0 38.0
20121029.210000 5.9 15.7 177.0 39.0
20121029.220000 5.9 15.7 177.0 38.0
20121029.230000 5.8 15.6 176.0 38.0
20121030.000000 5.4 14.7 173.0 40.0
20121030.010000 4.9 14.3 169.0 44.0
20121030.020000 4.5 14.0 159.0 47.0
20121030.030000 4.3 13.4 144.0 48.0
20121030.040000 4.3 13.2 133.0 45.0
20121030.050000 4.1 13.1 129.0 42.0
20121030.060000 4.0 12.9 127.0 41.0
20121030.070000 3.8 12.9 125.0 40.0
20121030.080000 3.7 9.08 125.0 38.0
20121030.090000 3.6 9.11 125.0 37.0
20121030.100000 3.6 9.20 125.0 35.0
20121030.110000 3.5 9.27 125.0 35.0
20121030.120000 3.5 9.33 125.0 34.0
20121030.130000 3.4 11.2 124.0 33.0
20121030.140000 3.4 11.1 123.0 33.0
20121030.150000 3.4 10.9 122.0 33.0
20121030.160000 3.3 10.8 122.0 32.0
20121030.170000 3.1 10.8 123.0 33.0
20121030.180000 3.0 10.8 124.0 33.0
20121030.190000 2.8 10.9 125.0 33.0
20121030.200000 2.6 10.9 125.0 34.0
20121030.210000 2.5 10.9 125.0 35.0
20121030.220000 2.3 11.0 126.0 36.0
20121030.230000 2.2 11.1 128.0 37.0
20121031.000000 2.1 11.3 130.0 37.0
20121031.010000 2.0 11.6 133.0 38.0
20121031.020000 1.9 11.6 134.0 39.0
20121031.030000 1.8 11.5 135.0 41.0
20121031.040000 1.8 11.4 136.0 42.0
20121031.050000 1.7 11.3 138.0 43.0
20121031.060000 1.7 11.2 139.0 43.0
20121031.070000 1.7 11.2 139.0 43.0
20121031.080000 1.7 11.1 140.0 43.0
20121031.090000 1.7 11.1 141.0 43.0
20121031.100000 1.6 11.0 142.0 43.0
20121031.110000 1.6 11.0 144.0 42.0
20121031.120000 1.6 11.0 146.0 41.0
20121031.130000 1.6 11.0 147.0 41.0
20121031.140000 1.6 11.0 147.0 40.0
20121031.150000 1.6 14.4 147.0 40.0
20121031.160000 1.6 14.5 148.0 40.0
20121031.170000 1.6 14.7 150.0 39.0
20121031.180000 1.6 15.0 152.0 37.0
20121031.190000 1.6 15.2 154.0 36.0
20121031.200000 1.6 15.3 156.0 36.0
20121031.210000 1.6 15.2 157.0 36.0
20121031.220000 1.6 15.1 158.0 36.0
20121031.230000 1.6 15.0 159.0 35.0
20121101.000000 1.6 14.9 160.0 34.0
20121101.010000 1.6 14.9 161.0 36.0
20121101.020000 1.5 14.8 162.0 36.0
20121101.030000 1.5 14.8 163.0 36.0
20121101.040000 1.5 14.7 164.0 37.0
20121101.050000 1.5 14.7 165.0 36.0
20121101.060000 1.5 14.7 166.0 34.0
20121101.070000 1.5 14.6 167.0 35.0
20121101.080000 1.5 14.6 168.0 36.0
20121101.090000 1.5 14.6 168.0 37.0
20121101.100000 1.5 14.6 169.0 36.0
20121101.110000 1.5 14.6 169.0 34.0
20121101.120000 1.5 14.6 170.0 32.0
20121101.130000 1.5 14.7 170.0 32.0
20121101.140000 1.5 14.9 171.0 35.0
20121101.150000 1.5 15.2 171.0 35.0
20121101.160000 1.5 15.4 172.0 35.0
20121101.170000 1.4 15.5 173.0 34.0
20121101.180000 1.4 15.5 173.0 33.0
20121101.190000 1.4 15.5 174.0 32.0
20121101.200000 1.4 15.6 174.0 34.0
20121101.210000 1.4 15.6 175.0 36.0
20121101.220000 1.4 15.5 177.0 41.0
20121101.230000 1.5 15.5 179.0 46.0
20121102.000000 1.5 15.5 181.0 48.0
20121102.010000 1.5 15.5 182.0 48.0
20121102.020000 1.4 15.5 183.0 48.0
20121102.030000 1.4 15.5 183.0 47.0
20121102.040000 1.4 15.5 183.0 48.0
20121102.050000 1.4 15.5 184.0 50.0
20121102.060000 1.4 15.5 185.0 52.0
20121102.070000 1.4 15.4 187.0 55.0
20121102.080000 1.4 15.4 189.0 57.0
20121102.090000 1.4 15.3 191.0 59.0
20121102.100000 1.4 15.2 193.0 61.0
20121102.110000 1.4 15.1 194.0 62.0
20121102.120000 1.4 15.0 195.0 63.0
20121102.130000 1.4 14.9 194.0 63.0
20121102.140000 1.4 14.9 192.0 61.0
20121102.150000 1.3 14.9 189.0 58.0
20121102.160000 1.3 14.8 187.0 57.0
20121102.170000 1.3 14.8 188.0 58.0
20121102.180000 1.3 14.8 189.0 61.0
20121102.190000 1.3 14.8 194.0 64.0
20121102.200000 1.4 14.8 203.0 66.0
20121102.210000 1.4 14.7 214.0 67.0
20121102.220000 1.4 14.7 221.0 67.0
20121102.230000 1.4 14.7 224.0 66.0
20121103.000000 1.4 14.6 227.0 66.0
20121103.010000 1.4 14.6 231.0 67.0
20121103.020000 1.4 14.6 238.0 68.0
20121103.030000 1.4 14.5 246.0 68.0
20121103.040000 1.4 14.4 252.0 68.0
20121103.050000 1.4 14.4 255.0 67.0
20121103.060000 1.4 14.3 257.0 66.0
20121103.070000 1.4 14.3 260.0 66.0
20121103.080000 1.4 14.2 264.0 67.0
20121103.090000 1.4 14.2 268.0 67.0
20121103.100000 1.4 14.1 -89.0 66.0
20121103.110000 1.4 14.1 -88.0 65.0
20121103.120000 1.4 14.0 -87.0 63.0
20121103.130000 1.4 13.9 -88.0 62.0
20121103.140000 1.3 13.8 269.0 62.0
20121103.150000 1.3 13.8 266.0 62.0
20121103.160000 1.2 13.7 264.0 62.0
20121103.170000 1.2 13.7 265.0 62.0
20121103.180000 1.2 13.6 266.0 62.0
20121103.190000 1.2 13.6 268.0 61.0
20121103.200000 1.2 13.5 -90.0 60.0
20121103.210000 1.2 13.5 -88.0 59.0
20121103.220000 1.3 13.4 -85.0 57.0
20121103.230000 1.3 13.3 -81.0 56.0
20121104.000000 1.3 4.36 -78.0 54.0
20121104.010000 1.3 4.47 -78.0 54.0
20121104.020000 1.2 13.1 -80.0 55.0
