   2.0833333e-01  -1.6154400e-01
   2.1250000e-01  -1.4020800e-01
   2.1666667e-01  -1.1887200e-01
   2.2083333e-01  -9.7536000e-02
   2.2500000e-01  -8.2296000e-02
   2.2916667e-01  -6.4008000e-02
   2.3333333e-01  -4.5720000e-02
   2.3750000e-01  -3.0480000e-02
   2.4166667e-01  -1.5240000e-02
   2.4583333e-01   0.0000000e+00
   2.5000000e-01   1.5240000e-02
   2.5416667e-01   3.0480000e-02
   2.5833333e-01   4.5720000e-02
   2.6250000e-01   6.0960000e-02
   2.6666667e-01   7.3152000e-02
   2.7083333e-01   8.8392000e-02
   2.7500000e-01   1.0058400e-01
   2.7916667e-01   1.1582400e-01
   2.8333333e-01   1.2801600e-01
   2.8750000e-01   1.4020800e-01
   2.9166667e-01   1.5240000e-01
   2.9583333e-01   1.6459200e-01
   3.0000000e-01   1.7983200e-01
   3.0416667e-01   1.9202400e-01
   3.0833333e-01   2.0421600e-01
   3.1250000e-01   2.1640800e-01
   3.1666667e-01   2.2860000e-01
   3.2083333e-01   2.4079200e-01
   3.2500000e-01   2.4688800e-01
   3.2916667e-01   2.5908000e-01
   3.3333333e-01   2.6517600e-01
   3.3750000e-01   2.7127200e-01
   3.4166667e-01   2.8041600e-01
   3.4583333e-01   2.8651200e-01
   3.5000000e-01   2.9260800e-01
   3.5416667e-01   3.0175200e-01
   3.5833333e-01   3.0480000e-01
   3.6250000e-01   3.1089600e-01
   3.6666667e-01   3.1699200e-01
   3.7083333e-01   3.2004000e-01
   3.7500000e-01   3.2308800e-01
   3.7916667e-01   3.2308800e-01
   3.8333333e-01   3.2308800e-01
   3.8750000e-01   3.2308800e-01
   3.9166667e-01   3.2308800e-01
   3.9583333e-01   3.2004000e-01
   4.0000000e-01   3.2004000e-01
   4.0416667e-01   3.1394400e-01
   4.0833333e-01   3.0784800e-01
   4.1250000e-01   3.0175200e-01
   4.1666667e-01   2.9260800e-01
   4.2083333e-01   2.8041600e-01
   4.2500000e-01   2.6822400e-01
   4.2916667e-01   2.4993600e-01
   4.3333333e-01   2.3164800e-01
   4.3750000e-01   2.1336000e-01
   4.4166667e-01   1.9507200e-01
   4.4583333e-01   1.7373600e-01
   4.5000000e-01   1.5849600e-01
   4.5416667e-01   1.4020800e-01
   4.5833333e-01   1.2192000e-01
   4.6250000e-01   1.0668000e-01
   4.6666667e-01   9.4488000e-02
   4.7083333e-01   8.2296000e-02
   4.7500000e-01   7.0104000e-02
   4.7916667e-01   5.7912000e-02
   4.8333333e-01   4.8768000e-02
   4.8750000e-01   3.9624000e-02
   4.9166667e-01   3.0480000e-02
   4.9583333e-01   2.1336000e-02
   5.0000000e-01   9.1440000e-03
   5.0416667e-01   0.0000000e+00
   5.0833333e-01  -1.5240000e-02
   5.1250000e-01  -2.4384000e-02
   5.1666667e-01  -3.6576000e-02
   5.2083333e-01  -4.5720000e-02
   5.2500000e-01  -5.7912000e-02
   5.2916667e-01  -7.0104000e-02
   5.3333333e-01  -8.2296000e-02
   5.3750000e-01  -9.4488000e-02
   5.4166667e-01  -1.0363200e-01
   5.4583333e-01  -1.1277600e-01
   5.5000000e-01  -1.2496800e-01
   5.5416667e-01  -1.3411200e-01
   5.5833333e-01  -1.4630400e-01
   5.6250000e-01  -1.5544800e-01
   5.6666667e-01  -1.6459200e-01
   5.7083333e-01  -1.7373600e-01
   5.7500000e-01  -1.8592800e-01
   5.7916667e-01  -1.9202400e-01
   5.8333333e-01  -2.0116800e-01
   5.8750000e-01  -2.1031200e-01
   5.9166667e-01  -2.1640800e-01
   5.9583333e-01  -2.2555200e-01
   6.0000000e-01  -2.3164800e-01
   6.0416667e-01  -2.4079200e-01
   6.0833333e-01  -2.4384000e-01
   6.1250000e-01  -2.4993600e-01
   6.1666667e-01  -2.5603200e-01
   6.2083333e-01  -2.5908000e-01
   6.2500000e-01  -2.6212800e-01
   6.2916667e-01  -2.6517600e-01
   6.3333333e-01  -2.6822400e-01
   6.3750000e-01  -2.7127200e-01
   6.4166667e-01  -2.7127200e-01
   6.4583333e-01  -2.7127200e-01
   6.5000000e-01  -2.7127200e-01
   6.5416667e-01  -2.6822400e-01
   6.5833333e-01  -2.6212800e-01
   6.6250000e-01  -2.5908000e-01
   6.6666667e-01  -2.4993600e-01
   6.7083333e-01  -2.3774400e-01
   6.7500000e-01  -2.2860000e-01
   6.7916667e-01  -2.1640800e-01
   6.8333333e-01  -1.9507200e-01
   6.8750000e-01  -1.7983200e-01
   6.9166667e-01  -1.5544800e-01
   6.9583333e-01  -1.3716000e-01
   7.0000000e-01  -1.1582400e-01
   7.0416667e-01  -9.4488000e-02
   7.0833333e-01  -7.6200000e-02
   7.1250000e-01  -6.0960000e-02
   7.1666667e-01  -3.9624000e-02
   7.2083333e-01  -2.4384000e-02
   7.2500000e-01  -6.0960000e-03
   7.2916667e-01   1.2192000e-02
   7.3333333e-01   2.7432000e-02
   7.3750000e-01   4.5720000e-02
   7.4166667e-01   6.0960000e-02
   7.4583333e-01   7.9248000e-02
   7.5000000e-01   9.4488000e-02
   7.5416667e-01   1.1277600e-01
   7.5833333e-01   1.2801600e-01
   7.6250000e-01   1.4325600e-01
   7.6666667e-01   1.6154400e-01
   7.7083333e-01   1.7983200e-01
   7.7500000e-01   1.9507200e-01
   7.7916667e-01   2.1640800e-01
   7.8333333e-01   2.3164800e-01
   7.8750000e-01   2.5298400e-01
   7.9166667e-01   2.6517600e-01
   7.9583333e-01   2.8346400e-01
   8.0000000e-01   3.0175200e-01
   8.0416667e-01   3.1699200e-01
   8.0833333e-01   3.3223200e-01
   8.1250000e-01   3.4747200e-01
   8.1666667e-01   3.6271200e-01
   8.2083333e-01   3.7490400e-01
   8.2500000e-01   3.9014400e-01
   8.2916667e-01   4.0233600e-01
   8.3333333e-01   4.1757600e-01
   8.3750000e-01   4.3281600e-01
   8.4166667e-01   4.4196000e-01
   8.4583333e-01   4.4805600e-01
   8.5000000e-01   4.6024800e-01
   8.5416667e-01   4.6634400e-01
   8.5833333e-01   4.7244000e-01
   8.6250000e-01   4.7853600e-01
   8.6666667e-01   4.8463200e-01
   8.7083333e-01   4.9072800e-01
   8.7500000e-01   4.9682400e-01
   8.7916667e-01   5.0596800e-01
   8.8333333e-01   5.0901600e-01
   8.8750000e-01   5.1511200e-01
   8.9166667e-01   5.1816000e-01
   8.9583333e-01   5.2120800e-01
   9.0000000e-01   5.2425600e-01
   9.0416667e-01   5.2730400e-01
   9.0833333e-01   5.2730400e-01
   9.1250000e-01   5.2730400e-01
   9.1666667e-01   5.3035200e-01
   9.2083333e-01   5.3340000e-01
   9.2500000e-01   5.3035200e-01
   9.2916667e-01   5.2730400e-01
   9.3333333e-01   5.2425600e-01
   9.3750000e-01   5.1511200e-01
   9.4166667e-01   5.0901600e-01
   9.4583333e-01   4.9682400e-01
   9.5000000e-01   4.8463200e-01
   9.5416667e-01   4.6939200e-01
   9.5833333e-01   4.5415200e-01
   9.6250000e-01   4.3586400e-01
   9.6666667e-01   4.1757600e-01
   9.7083333e-01   3.9319200e-01
   9.7500000e-01   3.7185600e-01
   9.7916667e-01   3.5052000e-01
   9.8333333e-01   3.2918400e-01
   9.8750000e-01   3.1089600e-01
   9.9166667e-01   2.9260800e-01
   9.9583333e-01   2.7736800e-01
   1.0000000e+00   2.6212800e-01
   1.0041667e+00   2.4688800e-01
   1.0083333e+00   2.3774400e-01
   1.0125000e+00   2.2555200e-01
   1.0166667e+00   2.1640800e-01
   1.0208333e+00   2.0421600e-01
   1.0250000e+00   1.9507200e-01
   1.0291667e+00   1.8288000e-01
   1.0333333e+00   1.7068800e-01
   1.0375000e+00   1.5849600e-01
   1.0416667e+00   1.4325600e-01
   1.0458333e+00   1.3106400e-01
   1.0500000e+00   1.1582400e-01
   1.0541667e+00   1.0058400e-01
   1.0583333e+00   8.5344000e-02
   1.0625000e+00   7.3152000e-02
   1.0666667e+00   5.7912000e-02
   1.0708333e+00   4.5720000e-02
   1.0750000e+00   3.3528000e-02
   1.0791667e+00   2.1336000e-02
   1.0833333e+00   6.0960000e-03
   1.0875000e+00  -3.0480000e-03
   1.0916667e+00  -1.8288000e-02
   1.0958333e+00  -3.0480000e-02
   1.1000000e+00  -3.9624000e-02
   1.1041667e+00  -5.1816000e-02
   1.1083333e+00  -6.4008000e-02
   1.1125000e+00  -7.3152000e-02
   1.1166667e+00  -8.2296000e-02
   1.1208333e+00  -9.1440000e-02
   1.1250000e+00  -1.0058400e-01
   1.1291667e+00  -1.1277600e-01
   1.1333333e+00  -1.3716000e-01
   1.1375000e+00  -1.3106400e-01
   1.1416667e+00  -1.3716000e-01
   1.1458333e+00  -1.4325600e-01
   1.1500000e+00  -1.5240000e-01
   1.1541667e+00  -1.6154400e-01
   1.1583333e+00  -1.6459200e-01
   1.1625000e+00  -1.7068800e-01
   1.1666667e+00  -1.7678400e-01
   1.1708333e+00  -1.7983200e-01
   1.1750000e+00  -1.8592800e-01
   1.1791667e+00  -1.8897600e-01
   1.1833333e+00  -1.9202400e-01
   1.1875000e+00  -1.9507200e-01
   1.1916667e+00  -1.9507200e-01
   1.1958333e+00  -1.9202400e-01
   1.2000000e+00  -1.9202400e-01
   1.2041667e+00  -1.7983200e-01
   1.2083333e+00  -1.7678400e-01
   1.2125000e+00  -1.7068800e-01
   1.2166667e+00  -1.5849600e-01
   1.2208333e+00  -1.4630400e-01
   1.2250000e+00  -1.3716000e-01
   1.2291667e+00  -1.2192000e-01
   1.2333333e+00  -1.0058400e-01
   1.2375000e+00  -8.5344000e-02
   1.2416667e+00  -6.7056000e-02
   1.2458333e+00  -4.8768000e-02
   1.2500000e+00  -2.7432000e-02
   1.2541667e+00  -1.2192000e-02
   1.2583333e+00   3.0480000e-03
   1.2625000e+00   2.1336000e-02
   1.2666667e+00   3.9624000e-02
   1.2708333e+00   5.7912000e-02
   1.2750000e+00   7.0104000e-02
   1.2791667e+00   8.5344000e-02
   1.2833333e+00   1.0058400e-01
   1.2875000e+00   1.1887200e-01
   1.2916667e+00   1.2801600e-01
   1.2958333e+00   1.4325600e-01
   1.3000000e+00   1.5849600e-01
   1.3041667e+00   1.7068800e-01
   1.3083333e+00   1.8592800e-01
   1.3125000e+00   1.9812000e-01
   1.3166667e+00   2.1031200e-01
   1.3208333e+00   2.2250400e-01
   1.3250000e+00   2.3469600e-01
   1.3291667e+00   2.4993600e-01
   1.3333333e+00   2.6212800e-01
   1.3375000e+00   2.7736800e-01
   1.3416667e+00   2.8956000e-01
   1.3458333e+00   2.9870400e-01
   1.3500000e+00   3.1394400e-01
   1.3541667e+00   3.2308800e-01
   1.3583333e+00   3.3528000e-01
   1.3625000e+00   3.4442400e-01
   1.3666667e+00   3.5356800e-01
   1.3708333e+00   3.6271200e-01
   1.3750000e+00   3.6576000e-01
   1.3791667e+00   3.7490400e-01
   1.3833333e+00   3.7795200e-01
   1.3875000e+00   3.8709600e-01
   1.3916667e+00   3.9319200e-01
   1.3958333e+00   3.9928800e-01
   1.4000000e+00   4.0843200e-01
   1.4041667e+00   4.1148000e-01
   1.4083333e+00   4.1452800e-01
   1.4125000e+00   4.1452800e-01
   1.4166667e+00   4.1757600e-01
   1.4208333e+00   4.1757600e-01
   1.4250000e+00   4.1757600e-01
   1.4291667e+00   4.1757600e-01
   1.4333333e+00   4.1757600e-01
   1.4375000e+00   4.1757600e-01
   1.4416667e+00   4.1148000e-01
   1.4458333e+00   4.1148000e-01
   1.4500000e+00   4.1148000e-01
   1.4541667e+00   4.0538400e-01
   1.4583333e+00   3.9928800e-01
   1.4625000e+00   3.9014400e-01
   1.4666667e+00   3.7795200e-01
   1.4708333e+00   3.6576000e-01
   1.4750000e+00   3.5356800e-01
   1.4791667e+00   3.3528000e-01
   1.4833333e+00   3.2004000e-01
   1.4875000e+00   3.0175200e-01
   1.4916667e+00   2.8041600e-01
   1.4958333e+00   2.6517600e-01
   1.5000000e+00   2.4688800e-01
   1.5041667e+00   2.3164800e-01
   1.5083333e+00   2.1945600e-01
   1.5125000e+00   2.0726400e-01
   1.5166667e+00   1.9812000e-01
   1.5208333e+00   1.8897600e-01
   1.5250000e+00   1.8288000e-01
   1.5291667e+00   1.7373600e-01
   1.5333333e+00   1.6459200e-01
   1.5375000e+00   1.5240000e-01
   1.5416667e+00   1.4325600e-01
   1.5458333e+00   1.3106400e-01
   1.5500000e+00   1.1582400e-01
   1.5541667e+00   1.0058400e-01
   1.5583333e+00   8.8392000e-02
   1.5625000e+00   7.6200000e-02
   1.5666667e+00   6.0960000e-02
   1.5708333e+00   5.1816000e-02
   1.5750000e+00   3.9624000e-02
   1.5791667e+00   2.7432000e-02
   1.5833333e+00   1.5240000e-02
   1.5875000e+00   3.0480000e-03
   1.5916667e+00  -9.1440000e-03
   1.5958333e+00  -2.1336000e-02
   1.6000000e+00  -3.0480000e-02
   1.6041667e+00  -3.9624000e-02
   1.6083333e+00  -4.8768000e-02
   1.6125000e+00  -5.4864000e-02
   1.6166667e+00  -6.4008000e-02
   1.6208333e+00  -7.3152000e-02
   1.6250000e+00  -7.9248000e-02
   1.6291667e+00  -9.1440000e-02
   1.6333333e+00  -1.0058400e-01
   1.6375000e+00  -1.0668000e-01
   1.6416667e+00  -1.1277600e-01
   1.6458333e+00  -1.2192000e-01
   1.6500000e+00  -1.2801600e-01
   1.6541667e+00  -1.3411200e-01
   1.6583333e+00  -1.4325600e-01
   1.6625000e+00  -1.4630400e-01
   1.6666667e+00  -1.4935200e-01
   1.6708333e+00  -1.5240000e-01
   1.6750000e+00  -1.5544800e-01
   1.6791667e+00  -1.5544800e-01
   1.6833333e+00  -1.5849600e-01
   1.6875000e+00  -1.5849600e-01
   1.6916667e+00  -1.5849600e-01
   1.6958333e+00  -1.5544800e-01
   1.7000000e+00  -1.4935200e-01
   1.7041667e+00  -1.4630400e-01
   1.7083333e+00  -1.3716000e-01
   1.7125000e+00  -1.2496800e-01
   1.7166667e+00  -1.1582400e-01
   1.7208333e+00  -1.0363200e-01
   1.7250000e+00  -9.1440000e-02
   1.7291667e+00  -7.6200000e-02
   1.7333333e+00  -6.4008000e-02
   1.7375000e+00  -4.2672000e-02
   1.7416667e+00  -2.1336000e-02
   1.7458333e+00  -3.0480000e-03
   1.7500000e+00   1.8288000e-02
   1.7541667e+00   4.2672000e-02
   1.7583333e+00   6.0960000e-02
   1.7625000e+00   7.9248000e-02
   1.7666667e+00   9.7536000e-02
   1.7708333e+00   1.1582400e-01
   1.7750000e+00   1.3411200e-01
   1.7791667e+00   1.4935200e-01
   1.7833333e+00   1.6764000e-01
   1.7875000e+00   1.8288000e-01
   1.7916667e+00   1.9812000e-01
   1.7958333e+00   2.1336000e-01
   1.8000000e+00   2.2860000e-01
   1.8041667e+00   2.4688800e-01
   1.8083333e+00   2.5908000e-01
   1.8125000e+00   2.8041600e-01
   1.8166667e+00   2.9870400e-01
   1.8208333e+00   3.1394400e-01
   1.8250000e+00   3.3223200e-01
   1.8291667e+00   3.5052000e-01
   1.8333333e+00   3.6576000e-01
   1.8375000e+00   3.8404800e-01
   1.8416667e+00   3.9624000e-01
   1.8458333e+00   4.1148000e-01
   1.8500000e+00   4.2672000e-01
   1.8541667e+00   4.3891200e-01
   1.8583333e+00   4.5110400e-01
   1.8625000e+00   4.6634400e-01
   1.8666667e+00   4.7548800e-01
   1.8708333e+00   4.8768000e-01
   1.8750000e+00   4.9682400e-01
   1.8791667e+00   5.0901600e-01
   1.8833333e+00   5.1816000e-01
   1.8875000e+00   5.2425600e-01
   1.8916667e+00   5.3644800e-01
   1.8958333e+00   5.4254400e-01
   1.9000000e+00   5.5168800e-01
   1.9041667e+00   5.5778400e-01
   1.9083333e+00   5.6692800e-01
   1.9125000e+00   5.7302400e-01
   1.9166667e+00   5.8216800e-01
   1.9208333e+00   5.8521600e-01
   1.9250000e+00   5.8826400e-01
   1.9291667e+00   5.9131200e-01
   1.9333333e+00   5.9436000e-01
   1.9375000e+00   5.9740800e-01
   1.9416667e+00   5.9740800e-01
   1.9458333e+00   6.0045600e-01
   1.9500000e+00   6.0045600e-01
   1.9541667e+00   6.0045600e-01
   1.9583333e+00   6.0045600e-01
   1.9625000e+00   6.0045600e-01
   1.9666667e+00   6.0045600e-01
   1.9708333e+00   5.9740800e-01
   1.9750000e+00   5.9436000e-01
   1.9791667e+00   5.8521600e-01
   1.9833333e+00   5.7912000e-01
   1.9875000e+00   5.6997600e-01
   1.9916667e+00   5.5778400e-01
   1.9958333e+00   5.4559200e-01
   2.0000000e+00   5.2730400e-01
   2.0041667e+00   5.1206400e-01
   2.0083333e+00   4.9072800e-01
   2.0125000e+00   4.7244000e-01
   2.0166667e+00   4.5415200e-01
   2.0208333e+00   4.3586400e-01
   2.0250000e+00   4.1757600e-01
   2.0291667e+00   4.0233600e-01
   2.0333333e+00   3.8709600e-01
   2.0375000e+00   3.7185600e-01
   2.0416667e+00   3.5966400e-01
   2.0458333e+00   3.5052000e-01
   2.0500000e+00   3.3528000e-01
   2.0541667e+00   3.2613600e-01
   2.0583333e+00   3.1699200e-01
   2.0625000e+00   3.0480000e-01
   2.0666667e+00   2.9260800e-01
   2.0708333e+00   2.8041600e-01
   2.0750000e+00   2.6822400e-01
   2.0791667e+00   2.5603200e-01
   2.0833333e+00   2.4079200e-01
   2.0875000e+00   2.3164800e-01
   2.0916667e+00   2.1640800e-01
   2.0958333e+00   2.0421600e-01
   2.1000000e+00   1.9202400e-01
   2.1041667e+00   1.7678400e-01
   2.1083333e+00   1.6764000e-01
   2.1125000e+00   1.5240000e-01
   2.1166667e+00   1.4020800e-01
   2.1208333e+00   1.3106400e-01
   2.1250000e+00   1.1582400e-01
   2.1291667e+00   1.0668000e-01
   2.1333333e+00   9.7536000e-02
   2.1375000e+00   8.5344000e-02
   2.1416667e+00   7.9248000e-02
   2.1458333e+00   6.7056000e-02
   2.1500000e+00   5.7912000e-02
   2.1541667e+00   4.8768000e-02
   2.1583333e+00   3.9624000e-02
   2.1625000e+00   3.0480000e-02
   2.1666667e+00   2.1336000e-02
   2.1708333e+00   1.2192000e-02
   2.1750000e+00   6.0960000e-03
   2.1791667e+00  -3.0480000e-03
   2.1833333e+00  -1.5240000e-02
   2.1875000e+00  -1.8288000e-02
   2.1916667e+00  -2.7432000e-02
   2.1958333e+00  -3.3528000e-02
   2.2000000e+00  -3.9624000e-02
   2.2041667e+00  -4.5720000e-02
   2.2083333e+00  -5.1816000e-02
   2.2125000e+00  -5.4864000e-02
   2.2166667e+00  -5.7912000e-02
   2.2208333e+00  -5.4864000e-02
   2.2250000e+00  -5.4864000e-02
   2.2291667e+00  -5.7912000e-02
   2.2333333e+00  -5.4864000e-02
   2.2375000e+00  -5.1816000e-02
   2.2416667e+00  -4.5720000e-02
   2.2458333e+00  -3.9624000e-02
   2.2500000e+00  -2.4384000e-02
   2.2541667e+00  -1.8288000e-02
   2.2583333e+00  -3.0480000e-03
   2.2625000e+00   1.2192000e-02
   2.2666667e+00   3.0480000e-02
   2.2708333e+00   5.1816000e-02
   2.2750000e+00   7.3152000e-02
   2.2791667e+00   9.4488000e-02
   2.2833333e+00   1.1277600e-01
   2.2875000e+00   1.3106400e-01
   2.2916667e+00   1.4325600e-01
   2.2958333e+00   1.6459200e-01
   2.3000000e+00   1.7983200e-01
   2.3041667e+00   1.9507200e-01
   2.3083333e+00   2.1031200e-01
   2.3125000e+00   2.3164800e-01
   2.3166667e+00   2.4384000e-01
   2.3208333e+00   2.5908000e-01
   2.3250000e+00   2.7736800e-01
   2.3291667e+00   2.9565600e-01
   2.3333333e+00   3.1089600e-01
   2.3375000e+00   3.2918400e-01
   2.3416667e+00   3.4442400e-01
   2.3458333e+00   3.5966400e-01
   2.3500000e+00   3.7490400e-01
   2.3541667e+00   3.9014400e-01
   2.3583333e+00   4.0538400e-01
   2.3625000e+00   4.1757600e-01
   2.3666667e+00   4.2976800e-01
   2.3708333e+00   4.4500800e-01
   2.3750000e+00   4.6024800e-01
   2.3791667e+00   4.7244000e-01
   2.3833333e+00   4.8463200e-01
   2.3875000e+00   4.9682400e-01
   2.3916667e+00   5.0292000e-01
   2.3958333e+00   5.1511200e-01
   2.4000000e+00   5.2120800e-01
   2.4041667e+00   5.3035200e-01
   2.4083333e+00   5.3644800e-01
   2.4125000e+00   5.4559200e-01
   2.4166667e+00   5.4864000e-01
   2.4208333e+00   5.5778400e-01
   2.4250000e+00   5.6388000e-01
   2.4291667e+00   5.6997600e-01
   2.4333333e+00   5.7302400e-01
   2.4375000e+00   5.7912000e-01
   2.4416667e+00   5.8521600e-01
   2.4458333e+00   5.8826400e-01
   2.4500000e+00   5.9131200e-01
   2.4541667e+00   5.9131200e-01
   2.4583333e+00   5.9436000e-01
   2.4625000e+00   5.9436000e-01
   2.4666667e+00   5.9436000e-01
   2.4708333e+00   5.9436000e-01
   2.4750000e+00   5.9436000e-01
   2.4791667e+00   5.9436000e-01
   2.4833333e+00   5.9131200e-01
   2.4875000e+00   5.8826400e-01
   2.4916667e+00   5.8216800e-01
   2.4958333e+00   5.7607200e-01
   2.5000000e+00   5.6692800e-01
   2.5041667e+00   5.5778400e-01
   2.5083333e+00   5.4559200e-01
   2.5125000e+00   5.3340000e-01
   2.5166667e+00   5.1816000e-01
   2.5208333e+00   4.9987200e-01
   2.5250000e+00   4.8158400e-01
   2.5291667e+00   4.6329600e-01
   2.5333333e+00   4.4805600e-01
   2.5375000e+00   4.2976800e-01
   2.5416667e+00   4.1452800e-01
   2.5458333e+00   3.9928800e-01
   2.5500000e+00   3.8709600e-01
   2.5541667e+00   3.7490400e-01
   2.5583333e+00   3.6271200e-01
   2.5625000e+00   3.5052000e-01
   2.5666667e+00   3.4137600e-01
   2.5708333e+00   3.3528000e-01
   2.5750000e+00   3.2613600e-01
   2.5791667e+00   3.1394400e-01
   2.5833333e+00   3.0480000e-01
   2.5875000e+00   2.8956000e-01
   2.5916667e+00   2.7736800e-01
   2.5958333e+00   2.6517600e-01
   2.6000000e+00   2.4993600e-01
   2.6041667e+00   2.4079200e-01
   2.6083333e+00   2.2250400e-01
   2.6125000e+00   2.1031200e-01
   2.6166667e+00   1.9812000e-01
   2.6208333e+00   1.8592800e-01
   2.6250000e+00   1.7373600e-01
   2.6291667e+00   1.6459200e-01
   2.6333333e+00   1.5544800e-01
   2.6375000e+00   1.4325600e-01
   2.6416667e+00   1.3106400e-01
   2.6458333e+00   1.1582400e-01
   2.6500000e+00   1.0058400e-01
   2.6541667e+00   8.8392000e-02
   2.6583333e+00   7.9248000e-02
   2.6625000e+00   6.7056000e-02
   2.6666667e+00   5.7912000e-02
   2.6708333e+00   4.5720000e-02
   2.6750000e+00   3.0480000e-02
   2.6791667e+00   2.1336000e-02
   2.6833333e+00   1.2192000e-02
   2.6875000e+00   0.0000000e+00
   2.6916667e+00  -6.0960000e-03
   2.6958333e+00  -1.2192000e-02
   2.7000000e+00  -2.4384000e-02
   2.7041667e+00  -3.0480000e-02
   2.7083333e+00  -3.6576000e-02
   2.7125000e+00  -4.2672000e-02
   2.7166667e+00  -4.8768000e-02
   2.7208333e+00  -5.4864000e-02
   2.7250000e+00  -5.7912000e-02
   2.7291667e+00  -6.0960000e-02
   2.7333333e+00  -6.4008000e-02
   2.7375000e+00  -6.4008000e-02
   2.7416667e+00  -6.4008000e-02
   2.7458333e+00  -6.4008000e-02
   2.7500000e+00  -6.4008000e-02
   2.7541667e+00  -6.0960000e-02
   2.7583333e+00  -5.7912000e-02
   2.7625000e+00  -5.1816000e-02
   2.7666667e+00  -4.2672000e-02
   2.7708333e+00  -3.0480000e-02
   2.7750000e+00  -1.5240000e-02
   2.7791667e+00   0.0000000e+00
   2.7833333e+00   1.8288000e-02
   2.7875000e+00   3.6576000e-02
   2.7916667e+00   5.4864000e-02
   2.7958333e+00   7.3152000e-02
   2.8000000e+00   9.1440000e-02
   2.8041667e+00   1.0972800e-01
   2.8083333e+00   1.2801600e-01
   2.8125000e+00   1.4630400e-01
   2.8166667e+00   1.6459200e-01
   2.8208333e+00   1.8288000e-01
   2.8250000e+00   2.0116800e-01
   2.8291667e+00   2.1640800e-01
   2.8333333e+00   2.3164800e-01
   2.8375000e+00   2.4688800e-01
   2.8416667e+00   2.6517600e-01
   2.8458333e+00   2.7736800e-01
   2.8500000e+00   2.8956000e-01
   2.8541667e+00   3.0480000e-01
   2.8583333e+00   3.2004000e-01
   2.8625000e+00   3.3528000e-01
   2.8666667e+00   3.5052000e-01
   2.8708333e+00   3.6576000e-01
   2.8750000e+00   3.9014400e-01
   2.8791667e+00   3.9624000e-01
   2.8833333e+00   4.1148000e-01
   2.8875000e+00   4.2367200e-01
   2.8916667e+00   4.3586400e-01
   2.8958333e+00   4.5110400e-01
   2.9000000e+00   4.6329600e-01
   2.9041667e+00   4.7244000e-01
   2.9083333e+00   4.8463200e-01
   2.9125000e+00   4.9682400e-01
   2.9166667e+00   5.0596800e-01
   2.9208333e+00   5.1816000e-01
   2.9250000e+00   5.2730400e-01
   2.9291667e+00   5.3644800e-01
   2.9333333e+00   5.4254400e-01
   2.9375000e+00   5.4864000e-01
   2.9416667e+00   5.5473600e-01
   2.9458333e+00   5.6083200e-01
   2.9500000e+00   5.6997600e-01
   2.9541667e+00   5.7912000e-01
   2.9583333e+00   5.8216800e-01
   2.9625000e+00   5.8826400e-01
   2.9666667e+00   5.9131200e-01
   2.9708333e+00   5.9131200e-01
   2.9750000e+00   5.9436000e-01
   2.9791667e+00   5.9436000e-01
   2.9833333e+00   5.9436000e-01
   2.9875000e+00   5.9436000e-01
   2.9916667e+00   5.9436000e-01
   2.9958333e+00   5.9436000e-01
   3.0000000e+00   5.8826400e-01
   3.0041667e+00   5.8521600e-01
   3.0083333e+00   5.7912000e-01
   3.0125000e+00   5.7302400e-01
   3.0166667e+00   5.6388000e-01
   3.0208333e+00   5.5168800e-01
   3.0250000e+00   5.4254400e-01
   3.0291667e+00   5.3035200e-01
   3.0333333e+00   5.1206400e-01
   3.0375000e+00   4.9682400e-01
   3.0416667e+00   4.7853600e-01
   3.0458333e+00   4.5720000e-01
   3.0500000e+00   4.3891200e-01
   3.0541667e+00   4.2062400e-01
   3.0583333e+00   4.0538400e-01
   3.0625000e+00   3.9319200e-01
   3.0666667e+00   3.8100000e-01
   3.0708333e+00   3.6880800e-01
   3.0750000e+00   3.5661600e-01
   3.0791667e+00   3.4747200e-01
   3.0833333e+00   3.3528000e-01
   3.0875000e+00   3.2613600e-01
   3.0916667e+00   3.1394400e-01
   3.0958333e+00   3.0480000e-01
   3.1000000e+00   2.9565600e-01
   3.1041667e+00   2.8346400e-01
   3.1083333e+00   2.7127200e-01
   3.1125000e+00   2.5908000e-01
   3.1166667e+00   2.4384000e-01
   3.1208333e+00   2.2860000e-01
   3.1250000e+00   2.1640800e-01
   3.1291667e+00   2.0421600e-01
   3.1333333e+00   1.9202400e-01
   3.1375000e+00   1.7983200e-01
   3.1416667e+00   1.6459200e-01
   3.1458333e+00   1.5240000e-01
   3.1500000e+00   1.4020800e-01
   3.1541667e+00   1.2801600e-01
   3.1583333e+00   1.1582400e-01
   3.1625000e+00   1.0363200e-01
   3.1666667e+00   9.1440000e-02
   3.1708333e+00   8.2296000e-02
   3.1750000e+00   7.0104000e-02
   3.1791667e+00   5.7912000e-02
   3.1833333e+00   4.8768000e-02
   3.1875000e+00   3.9624000e-02
   3.1916667e+00   3.0480000e-02
   3.1958333e+00   2.1336000e-02
   3.2000000e+00   1.2192000e-02
   3.2041667e+00   3.0480000e-03
   3.2083333e+00  -3.0480000e-03
   3.2125000e+00  -1.2192000e-02
   3.2166667e+00  -1.8288000e-02
   3.2208333e+00  -2.4384000e-02
   3.2250000e+00  -3.3528000e-02
   3.2291667e+00  -3.6576000e-02
   3.2333333e+00  -3.9624000e-02
   3.2375000e+00  -4.2672000e-02
   3.2416667e+00  -4.5720000e-02
   3.2458333e+00  -4.8768000e-02
   3.2500000e+00  -5.1816000e-02
   3.2541667e+00  -5.1816000e-02
   3.2583333e+00  -5.1816000e-02
   3.2625000e+00  -5.1816000e-02
   3.2666667e+00  -5.1816000e-02
   3.2708333e+00  -4.8768000e-02
   3.2750000e+00  -3.9624000e-02
   3.2791667e+00  -3.3528000e-02
   3.2833333e+00  -2.1336000e-02
   3.2875000e+00  -9.1440000e-03
   3.2916667e+00   3.0480000e-03
   3.2958333e+00   2.1336000e-02
   3.3000000e+00   3.6576000e-02
   3.3041667e+00   5.4864000e-02
   3.3083333e+00   7.3152000e-02
   3.3125000e+00   9.1440000e-02
   3.3166667e+00   1.1277600e-01
   3.3208333e+00   1.3106400e-01
   3.3250000e+00   1.4935200e-01
   3.3291667e+00   1.6764000e-01
   3.3333333e+00   1.8288000e-01
   3.3375000e+00   2.0116800e-01
   3.3416667e+00   2.1640800e-01
   3.3458333e+00   2.3469600e-01
   3.3500000e+00   2.5298400e-01
   3.3541667e+00   2.6822400e-01
   3.3583333e+00   2.8346400e-01
   3.3625000e+00   3.0175200e-01
   3.3666667e+00   3.2004000e-01
   3.3708333e+00   3.3528000e-01
   3.3750000e+00   3.5356800e-01
   3.3791667e+00   3.7185600e-01
   3.3833333e+00   3.8709600e-01
   3.3875000e+00   4.0538400e-01
   3.3916667e+00   4.2062400e-01
   3.3958333e+00   4.3586400e-01
   3.4000000e+00   4.4805600e-01
   3.4041667e+00   4.6329600e-01
   3.4083333e+00   4.7548800e-01
   3.4125000e+00   4.9072800e-01
   3.4166667e+00   5.0292000e-01
   3.4208333e+00   5.1206400e-01
   3.4250000e+00   5.2120800e-01
   3.4291667e+00   5.3340000e-01
   3.4333333e+00   5.4559200e-01
   3.4375000e+00   5.5473600e-01
   3.4416667e+00   5.6388000e-01
   3.4458333e+00   5.7302400e-01
   3.4500000e+00   5.8216800e-01
   3.4541667e+00   5.9131200e-01
   3.4583333e+00   5.9436000e-01
   3.4625000e+00   6.0045600e-01
   3.4666667e+00   6.0655200e-01
   3.4708333e+00   6.1264800e-01
   3.4750000e+00   6.1874400e-01
   3.4791667e+00   6.2484000e-01
   3.4833333e+00   6.2484000e-01
   3.4875000e+00   6.3093600e-01
   3.4916667e+00   6.3093600e-01
   3.4958333e+00   6.3398400e-01
   3.5000000e+00   6.3398400e-01
   3.5041667e+00   6.3398400e-01
   3.5083333e+00   6.3398400e-01
   3.5125000e+00   6.3093600e-01
   3.5166667e+00   6.2788800e-01
   3.5208333e+00   6.2484000e-01
   3.5250000e+00   6.1874400e-01
   3.5291667e+00   6.0655200e-01
   3.5333333e+00   6.0350400e-01
   3.5375000e+00   5.9131200e-01
   3.5416667e+00   5.8216800e-01
   3.5458333e+00   5.6997600e-01
   3.5500000e+00   5.5168800e-01
   3.5541667e+00   5.3644800e-01
   3.5583333e+00   5.2120800e-01
   3.5625000e+00   4.9987200e-01
   3.5666667e+00   4.8463200e-01
   3.5708333e+00   4.6939200e-01
   3.5750000e+00   4.5415200e-01
   3.5791667e+00   4.3891200e-01
   3.5833333e+00   4.2672000e-01
   3.5875000e+00   4.1452800e-01
   3.5916667e+00   3.9928800e-01
   3.5958333e+00   3.9014400e-01
   3.6000000e+00   3.7795200e-01
   3.6041667e+00   3.6880800e-01
   3.6083333e+00   3.5966400e-01
   3.6125000e+00   3.4747200e-01
   3.6166667e+00   3.3528000e-01
   3.6208333e+00   3.2308800e-01
   3.6250000e+00   3.1394400e-01
   3.6291667e+00   3.0175200e-01
   3.6333333e+00   2.8651200e-01
   3.6375000e+00   2.7432000e-01
   3.6416667e+00   2.6212800e-01
   3.6458333e+00   2.4993600e-01
   3.6500000e+00   2.3774400e-01
   3.6541667e+00   2.2555200e-01
   3.6583333e+00   2.1336000e-01
   3.6625000e+00   2.0116800e-01
   3.6666667e+00   1.8897600e-01
   3.6708333e+00   1.7983200e-01
   3.6750000e+00   1.6764000e-01
   3.6791667e+00   1.5544800e-01
   3.6833333e+00   1.4325600e-01
   3.6875000e+00   1.3106400e-01
   3.6916667e+00   1.1887200e-01
   3.6958333e+00   1.0972800e-01
   3.7000000e+00   9.7536000e-02
   3.7041667e+00   8.8392000e-02
   3.7083333e+00   7.6200000e-02
   3.7125000e+00   6.7056000e-02
   3.7166667e+00   5.7912000e-02
   3.7208333e+00   5.1816000e-02
   3.7250000e+00   4.2672000e-02
   3.7291667e+00   3.3528000e-02
   3.7333333e+00   2.4384000e-02
   3.7375000e+00   2.1336000e-02
   3.7416667e+00   9.1440000e-03
   3.7458333e+00   3.0480000e-03
   3.7500000e+00   0.0000000e+00
   3.7541667e+00  -6.0960000e-03
   3.7583333e+00  -1.2192000e-02
   3.7625000e+00  -1.2192000e-02
   3.7666667e+00  -1.5240000e-02
   3.7708333e+00  -1.5240000e-02
   3.7750000e+00  -1.5240000e-02
   3.7791667e+00  -1.8288000e-02
   3.7833333e+00  -1.5240000e-02
   3.7875000e+00  -1.5240000e-02
   3.7916667e+00  -1.2192000e-02
   3.7958333e+00  -6.0960000e-03
   3.8000000e+00   3.0480000e-03
   3.8041667e+00   9.1440000e-03
   3.8083333e+00   2.1336000e-02
   3.8125000e+00   3.6576000e-02
   3.8166667e+00   5.1816000e-02
   3.8208333e+00   7.0104000e-02
   3.8250000e+00   9.1440000e-02
   3.8291667e+00   1.1277600e-01
   3.8333333e+00   1.3411200e-01
   3.8375000e+00   1.5240000e-01
   3.8416667e+00   1.7373600e-01
   3.8458333e+00   1.9202400e-01
   3.8500000e+00   2.0726400e-01
   3.8541667e+00   2.2250400e-01
   3.8583333e+00   2.4079200e-01
   3.8625000e+00   2.5603200e-01
   3.8666667e+00   2.7432000e-01
   3.8708333e+00   2.8956000e-01
   3.8750000e+00   3.0784800e-01
   3.8791667e+00   3.2308800e-01
   3.8833333e+00   3.3832800e-01
   3.8875000e+00   3.5356800e-01
   3.8916667e+00   3.6880800e-01
   3.8958333e+00   3.8404800e-01
   3.9000000e+00   3.9928800e-01
   3.9041667e+00   4.1757600e-01
   3.9083333e+00   4.3281600e-01
   3.9125000e+00   4.4500800e-01
   3.9166667e+00   4.6024800e-01
   3.9208333e+00   4.7548800e-01
   3.9250000e+00   4.8768000e-01
   3.9291667e+00   4.9987200e-01
   3.9333333e+00   5.1206400e-01
   3.9375000e+00   5.2120800e-01
   3.9416667e+00   5.3340000e-01
   3.9458333e+00   5.4254400e-01
   3.9500000e+00   5.5168800e-01
   3.9541667e+00   5.6388000e-01
   3.9583333e+00   5.6997600e-01
   3.9625000e+00   5.7912000e-01
   3.9666667e+00   5.8521600e-01
   3.9708333e+00   5.9436000e-01
   3.9750000e+00   6.0045600e-01
   3.9791667e+00   6.0655200e-01
   3.9833333e+00   6.1264800e-01
   3.9875000e+00   6.1569600e-01
   3.9916667e+00   6.1874400e-01
   3.9958333e+00   6.2484000e-01
   4.0000000e+00   6.2788800e-01
   4.0041667e+00   6.2788800e-01
   4.0083333e+00   6.2788800e-01
   4.0125000e+00   6.2788800e-01
   4.0166667e+00   6.3093600e-01
   4.0208333e+00   6.3093600e-01
   4.0250000e+00   6.2788800e-01
   4.0291667e+00   6.2484000e-01
   4.0333333e+00   6.2179200e-01
   4.0375000e+00   6.1874400e-01
   4.0416667e+00   6.0960000e-01
   4.0458333e+00   6.0350400e-01
   4.0500000e+00   5.9436000e-01
   4.0541667e+00   5.8521600e-01
   4.0583333e+00   5.7607200e-01
   4.0625000e+00   5.6388000e-01
   4.0666667e+00   5.4559200e-01
   4.0708333e+00   5.2730400e-01
   4.0750000e+00   5.1206400e-01
   4.0791667e+00   4.9072800e-01
   4.0833333e+00   4.7548800e-01
   4.0875000e+00   4.6024800e-01
   4.0916667e+00   4.4500800e-01
   4.0958333e+00   4.2976800e-01
   4.1000000e+00   4.1757600e-01
   4.1041667e+00   4.0233600e-01
   4.1083333e+00   3.9319200e-01
   4.1125000e+00   3.8404800e-01
   4.1166667e+00   3.7185600e-01
   4.1208333e+00   3.6271200e-01
   4.1250000e+00   3.5052000e-01
   4.1291667e+00   3.3832800e-01
   4.1333333e+00   3.2613600e-01
   4.1375000e+00   3.1089600e-01
   4.1416667e+00   2.9870400e-01
   4.1458333e+00   2.8651200e-01
   4.1500000e+00   2.7127200e-01
   4.1541667e+00   2.5908000e-01
   4.1583333e+00   2.4688800e-01
   4.1625000e+00   2.3469600e-01
   4.1666667e+00   2.2250400e-01
   4.1708333e+00   2.1336000e-01
   4.1750000e+00   2.0116800e-01
   4.1791667e+00   1.8897600e-01
   4.1833333e+00   1.7678400e-01
   4.1875000e+00   1.6459200e-01
   4.1916667e+00   1.5544800e-01
   4.1958333e+00   1.4325600e-01
   4.2000000e+00   1.3106400e-01
   4.2041667e+00   1.1887200e-01
   4.2083333e+00   1.0972800e-01
   4.2125000e+00   9.7536000e-02
   4.2166667e+00   8.8392000e-02
   4.2208333e+00   7.9248000e-02
   4.2250000e+00   7.0104000e-02
   4.2291667e+00   6.0960000e-02
   4.2333333e+00   5.4864000e-02
   4.2375000e+00   4.8768000e-02
   4.2416667e+00   4.2672000e-02
   4.2458333e+00   3.9624000e-02
   4.2500000e+00   3.3528000e-02
   4.2541667e+00   3.0480000e-02
   4.2583333e+00   2.7432000e-02
   4.2625000e+00   2.1336000e-02
   4.2666667e+00   1.8288000e-02
   4.2708333e+00   1.5240000e-02
   4.2750000e+00   1.5240000e-02
   4.2791667e+00   1.5240000e-02
   4.2833333e+00   1.5240000e-02
   4.2875000e+00   1.8288000e-02
   4.2916667e+00   2.1336000e-02
   4.2958333e+00   2.7432000e-02
   4.3000000e+00   3.3528000e-02
   4.3041667e+00   3.9624000e-02
   4.3083333e+00   4.8768000e-02
   4.3125000e+00   5.7912000e-02
   4.3166667e+00   7.3152000e-02
   4.3208333e+00   8.8392000e-02
   4.3250000e+00   1.0668000e-01
   4.3291667e+00   1.2496800e-01
   4.3333333e+00   1.4935200e-01
   4.3375000e+00   1.6764000e-01
   4.3416667e+00   1.8897600e-01
   4.3458333e+00   2.1031200e-01
   4.3500000e+00   2.2860000e-01
   4.3541667e+00   2.4688800e-01
   4.3583333e+00   2.6822400e-01
   4.3625000e+00   2.8956000e-01
   4.3666667e+00   3.0784800e-01
   4.3708333e+00   3.2613600e-01
   4.3750000e+00   3.4747200e-01
   4.3791667e+00   3.6271200e-01
   4.3833333e+00   3.8100000e-01
   4.3875000e+00   3.9928800e-01
   4.3916667e+00   4.1452800e-01
   4.3958333e+00   4.3281600e-01
   4.4000000e+00   4.5110400e-01
   4.4041667e+00   4.6634400e-01
   4.4083333e+00   4.8463200e-01
   4.4125000e+00   4.9987200e-01
   4.4166667e+00   5.1511200e-01
   4.4208333e+00   5.2730400e-01
   4.4250000e+00   5.4559200e-01
   4.4291667e+00   5.6083200e-01
   4.4333333e+00   5.7302400e-01
   4.4375000e+00   5.9131200e-01
   4.4416667e+00   6.0350400e-01
   4.4458333e+00   6.1874400e-01
   4.4500000e+00   6.3093600e-01
   4.4541667e+00   6.4922400e-01
   4.4583333e+00   6.6141600e-01
   4.4625000e+00   6.7360800e-01
   4.4666667e+00   6.8275200e-01
   4.4708333e+00   6.9494400e-01
   4.4750000e+00   7.0713600e-01
   4.4791667e+00   7.1628000e-01
   4.4833333e+00   7.2847200e-01
   4.4875000e+00   7.3761600e-01
   4.4916667e+00   7.4676000e-01
   4.4958333e+00   7.5590400e-01
   4.5000000e+00   7.6504800e-01
   4.5041667e+00   7.7114400e-01
   4.5083333e+00   7.7724000e-01
   4.5125000e+00   7.8333600e-01
   4.5166667e+00   7.8943200e-01
   4.5208333e+00   7.9248000e-01
   4.5250000e+00   7.9552800e-01
   4.5291667e+00   7.9552800e-01
   4.5333333e+00   7.9857600e-01
   4.5375000e+00   7.9857600e-01
   4.5416667e+00   8.0162400e-01
   4.5458333e+00   8.0467200e-01
   4.5500000e+00   8.0467200e-01
   4.5541667e+00   8.0467200e-01
   4.5583333e+00   8.0162400e-01
   4.5625000e+00   8.0162400e-01
   4.5666667e+00   7.9552800e-01
   4.5708333e+00   7.9248000e-01
   4.5750000e+00   7.8943200e-01
   4.5791667e+00   7.8028800e-01
   4.5833333e+00   7.7419200e-01
   4.5875000e+00   7.5895200e-01
   4.5916667e+00   7.4676000e-01
   4.5958333e+00   7.3152000e-01
   4.6000000e+00   7.1323200e-01
   4.6041667e+00   6.9494400e-01
   4.6083333e+00   6.7970400e-01
   4.6125000e+00   6.6446400e-01
   4.6166667e+00   6.4922400e-01
   4.6208333e+00   6.3398400e-01
   4.6250000e+00   6.2179200e-01
   4.6291667e+00   6.0350400e-01
   4.6333333e+00   5.9436000e-01
   4.6375000e+00   5.8521600e-01
   4.6416667e+00   5.7302400e-01
   4.6458333e+00   5.5778400e-01
   4.6500000e+00   5.5168800e-01
   4.6541667e+00   5.3949600e-01
   4.6583333e+00   5.3340000e-01
   4.6625000e+00   5.2120800e-01
   4.6666667e+00   5.1206400e-01
   4.6708333e+00   5.0292000e-01
   4.6750000e+00   4.9377600e-01
   4.6791667e+00   4.8463200e-01
   4.6833333e+00   4.7548800e-01
   4.6875000e+00   4.6024800e-01
   4.6916667e+00   4.4805600e-01
   4.6958333e+00   4.3586400e-01
   4.7000000e+00   4.2367200e-01
   4.7041667e+00   4.1148000e-01
   4.7083333e+00   3.9624000e-01
   4.7125000e+00   3.8709600e-01
   4.7166667e+00   3.7490400e-01
   4.7208333e+00   3.5966400e-01
   4.7250000e+00   3.5052000e-01
   4.7291667e+00   3.4137600e-01
   4.7333333e+00   3.2613600e-01
   4.7375000e+00   3.2004000e-01
   4.7416667e+00   3.0784800e-01
   4.7458333e+00   2.9870400e-01
   4.7500000e+00   2.8956000e-01
   4.7541667e+00   2.8041600e-01
   4.7583333e+00   2.7127200e-01
   4.7625000e+00   2.6517600e-01
   4.7666667e+00   2.5908000e-01
   4.7708333e+00   2.5603200e-01
   4.7750000e+00   2.4993600e-01
   4.7791667e+00   2.4384000e-01
   4.7833333e+00   2.4079200e-01
   4.7875000e+00   2.3469600e-01
   4.7916667e+00   2.3469600e-01
   4.7958333e+00   2.3469600e-01
   4.8000000e+00   2.3164800e-01
   4.8041667e+00   2.2860000e-01
   4.8083333e+00   2.2555200e-01
   4.8125000e+00   2.2555200e-01
   4.8166667e+00   2.2860000e-01
   4.8208333e+00   2.3164800e-01
   4.8250000e+00   2.3164800e-01
   4.8291667e+00   2.4384000e-01
   4.8333333e+00   2.4688800e-01
   4.8375000e+00   2.5908000e-01
   4.8416667e+00   2.7127200e-01
   4.8458333e+00   2.8651200e-01
   4.8500000e+00   3.0480000e-01
   4.8541667e+00   3.2308800e-01
   4.8583333e+00   3.4137600e-01
   4.8625000e+00   3.6271200e-01
   4.8666667e+00   3.7795200e-01
   4.8708333e+00   3.9319200e-01
   4.8750000e+00   4.1148000e-01
   4.8791667e+00   4.2672000e-01
   4.8833333e+00   4.4805600e-01
   4.8875000e+00   4.6024800e-01
   4.8916667e+00   4.7853600e-01
   4.8958333e+00   4.9377600e-01
   4.9000000e+00   5.0596800e-01
   4.9041667e+00   5.2120800e-01
   4.9083333e+00   5.3644800e-01
   4.9125000e+00   5.4864000e-01
   4.9166667e+00   5.6388000e-01
   4.9208333e+00   5.7607200e-01
   4.9250000e+00   5.9131200e-01
   4.9291667e+00   6.0350400e-01
   4.9333333e+00   6.2179200e-01
   4.9375000e+00   6.3398400e-01
   4.9416667e+00   6.4922400e-01
   4.9458333e+00   6.6141600e-01
   4.9500000e+00   6.7665600e-01
   4.9541667e+00   6.8884800e-01
   4.9583333e+00   7.0104000e-01
   4.9625000e+00   7.1018400e-01
   4.9666667e+00   7.1932800e-01
   4.9708333e+00   7.3152000e-01
   4.9750000e+00   7.4066400e-01
   4.9791667e+00   7.5285600e-01
   4.9833333e+00   7.5895200e-01
   4.9875000e+00   7.6809600e-01
   4.9916667e+00   7.7724000e-01
   4.9958333e+00   7.8638400e-01
   5.0000000e+00   7.9857600e-01
   5.0041667e+00   8.0162400e-01
   5.0083333e+00   8.0772000e-01
   5.0125000e+00   8.1991200e-01
   5.0166667e+00   8.2600800e-01
   5.0208333e+00   8.3820000e-01
   5.0250000e+00   8.5344000e-01
   5.0291667e+00   8.5648800e-01
   5.0333333e+00   8.6258400e-01
   5.0375000e+00   8.6258400e-01
   5.0416667e+00   8.5953600e-01
   5.0458333e+00   8.6258400e-01
   5.0500000e+00   8.6258400e-01
   5.0541667e+00   8.6258400e-01
   5.0583333e+00   8.6563200e-01
   5.0625000e+00   8.6258400e-01
   5.0666667e+00   8.5648800e-01
   5.0708333e+00   8.5344000e-01
   5.0750000e+00   8.5344000e-01
   5.0791667e+00   8.4734400e-01
   5.0833333e+00   8.4124800e-01
   5.0875000e+00   8.2905600e-01
   5.0916667e+00   8.1686400e-01
   5.0958333e+00   8.0467200e-01
   5.1000000e+00   7.8943200e-01
   5.1041667e+00   7.7114400e-01
   5.1083333e+00   7.5285600e-01
   5.1125000e+00   7.3456800e-01
   5.1166667e+00   7.1628000e-01
   5.1208333e+00   7.0104000e-01
   5.1250000e+00   6.8580000e-01
   5.1291667e+00   6.7360800e-01
   5.1333333e+00   6.6141600e-01
   5.1375000e+00   6.5227200e-01
   5.1416667e+00   6.4008000e-01
   5.1458333e+00   6.3093600e-01
   5.1500000e+00   6.2179200e-01
   5.1541667e+00   6.1264800e-01
   5.1583333e+00   5.9740800e-01
   5.1625000e+00   5.9131200e-01
   5.1666667e+00   5.8216800e-01
   5.1708333e+00   5.7607200e-01
   5.1750000e+00   5.6083200e-01
   5.1791667e+00   5.5168800e-01
   5.1833333e+00   5.4559200e-01
   5.1875000e+00   5.3644800e-01
   5.1916667e+00   5.2730400e-01
   5.1958333e+00   5.2120800e-01
   5.2000000e+00   5.1206400e-01
   5.2041667e+00   5.0292000e-01
   5.2083333e+00   4.8768000e-01
   5.2125000e+00   4.7548800e-01
   5.2166667e+00   4.6329600e-01
   5.2208333e+00   4.5110400e-01
   5.2250000e+00   4.4196000e-01
   5.2291667e+00   4.3586400e-01
   5.2333333e+00   4.2367200e-01
   5.2375000e+00   4.1452800e-01
   5.2416667e+00   4.0843200e-01
   5.2458333e+00   4.0233600e-01
   5.2500000e+00   3.9624000e-01
   5.2541667e+00   3.8709600e-01
   5.2583333e+00   3.8100000e-01
   5.2625000e+00   3.6880800e-01
   5.2666667e+00   3.6271200e-01
   5.2708333e+00   3.5356800e-01
   5.2750000e+00   3.5052000e-01
   5.2791667e+00   3.4747200e-01
   5.2833333e+00   3.4442400e-01
   5.2875000e+00   3.4442400e-01
   5.2916667e+00   3.4442400e-01
   5.2958333e+00   3.4137600e-01
   5.3000000e+00   3.4137600e-01
   5.3041667e+00   3.3832800e-01
   5.3083333e+00   3.4747200e-01
   5.3125000e+00   3.5661600e-01
   5.3166667e+00   3.6271200e-01
   5.3208333e+00   3.7490400e-01
   5.3250000e+00   3.8404800e-01
   5.3291667e+00   3.9624000e-01
   5.3333333e+00   4.1757600e-01
   5.3375000e+00   4.3586400e-01
   5.3416667e+00   4.5415200e-01
   5.3458333e+00   4.7548800e-01
   5.3500000e+00   4.9377600e-01
   5.3541667e+00   5.1206400e-01
   5.3583333e+00   5.2425600e-01
   5.3625000e+00   5.3949600e-01
   5.3666667e+00   5.5168800e-01
   5.3708333e+00   5.6997600e-01
   5.3750000e+00   5.8521600e-01
   5.3791667e+00   6.0350400e-01
   5.3833333e+00   6.1874400e-01
   5.3875000e+00   6.3703200e-01
   5.3916667e+00   6.5836800e-01
   5.3958333e+00   6.7665600e-01
   5.4000000e+00   6.9189600e-01
   5.4041667e+00   7.1323200e-01
   5.4083333e+00   7.3152000e-01
   5.4125000e+00   7.4980800e-01
   5.4166667e+00   7.6809600e-01
   5.4208333e+00   7.8638400e-01
   5.4250000e+00   8.0162400e-01
   5.4291667e+00   8.1686400e-01
   5.4333333e+00   8.3210400e-01
   5.4375000e+00   8.4734400e-01
   5.4416667e+00   8.6563200e-01
   5.4458333e+00   8.7782400e-01
   5.4500000e+00   8.9611200e-01
   5.4541667e+00   9.1135200e-01
   5.4583333e+00   9.2964000e-01
   5.4625000e+00   9.4488000e-01
   5.4666667e+00   9.6012000e-01
   5.4708333e+00   9.7840800e-01
   5.4750000e+00   9.9669600e-01
   5.4791667e+00   1.0088880e+00
   5.4833333e+00   1.0241280e+00
   5.4875000e+00   1.0393680e+00
   5.4916667e+00   1.0546080e+00
   5.4958333e+00   1.0728960e+00
   5.5000000e+00   1.0820400e+00
   5.5041667e+00   1.0942320e+00
   5.5083333e+00   1.1033760e+00
   5.5125000e+00   1.1125200e+00
   5.5166667e+00   1.1216640e+00
   5.5208333e+00   1.1369040e+00
   5.5250000e+00   1.1460480e+00
   5.5291667e+00   1.1582400e+00
   5.5333333e+00   1.1643360e+00
   5.5375000e+00   1.1734800e+00
   5.5416667e+00   1.1795760e+00
   5.5458333e+00   1.1856720e+00
   5.5500000e+00   1.1917680e+00
   5.5541667e+00   1.1978640e+00
   5.5583333e+00   1.2009120e+00
   5.5625000e+00   1.2070080e+00
   5.5666667e+00   1.2100560e+00
   5.5708333e+00   1.2100560e+00
   5.5750000e+00   1.2161520e+00
   5.5791667e+00   1.2100560e+00
   5.5833333e+00   1.2161520e+00
   5.5875000e+00   1.2100560e+00
   5.5916667e+00   1.2100560e+00
   5.5958333e+00   1.2070080e+00
   5.6000000e+00   1.2009120e+00
   5.6041667e+00   1.1948160e+00
   5.6083333e+00   1.1917680e+00
   5.6125000e+00   1.1826240e+00
   5.6166667e+00   1.1795760e+00
   5.6208333e+00   1.1704320e+00
   5.6250000e+00   1.1643360e+00
   5.6291667e+00   1.1582400e+00
   5.6333333e+00   1.1521440e+00
   5.6375000e+00   1.1460480e+00
   5.6416667e+00   1.1399520e+00
   5.6458333e+00   1.1308080e+00
   5.6500000e+00   1.1186160e+00
   5.6541667e+00   1.1033760e+00
   5.6583333e+00   1.0850880e+00
   5.6625000e+00   1.0668000e+00
   5.6666667e+00   1.0515600e+00
   5.6708333e+00   1.0363200e+00
   5.6750000e+00   1.0271760e+00
   5.6791667e+00   1.0149840e+00
   5.6833333e+00   1.0058400e+00
   5.6875000e+00   9.9669600e-01
   5.6916667e+00   9.8450400e-01
   5.6958333e+00   9.7231200e-01
   5.7000000e+00   9.6621600e-01
   5.7041667e+00   9.5402400e-01
   5.7083333e+00   9.5097600e-01
   5.7125000e+00   9.3573600e-01
   5.7166667e+00   9.3268800e-01
   5.7208333e+00   9.2354400e-01
   5.7250000e+00   9.0830400e-01
   5.7291667e+00   8.9916000e-01
   5.7333333e+00   8.9001600e-01
   5.7375000e+00   8.7782400e-01
   5.7416667e+00   8.6258400e-01
   5.7458333e+00   8.6258400e-01
   5.7500000e+00   8.4734400e-01
   5.7541667e+00   8.4124800e-01
   5.7583333e+00   8.3210400e-01
   5.7625000e+00   8.2600800e-01
   5.7666667e+00   8.1991200e-01
   5.7708333e+00   8.1381600e-01
   5.7750000e+00   8.0162400e-01
   5.7791667e+00   7.9552800e-01
   5.7833333e+00   7.8333600e-01
   5.7875000e+00   7.7419200e-01
   5.7916667e+00   7.6504800e-01
   5.7958333e+00   7.5895200e-01
   5.8000000e+00   7.4980800e-01
   5.8041667e+00   7.4371200e-01
   5.8083333e+00   7.4066400e-01
   5.8125000e+00   7.4066400e-01
   5.8166667e+00   7.3761600e-01
   5.8208333e+00   7.2847200e-01
   5.8250000e+00   7.2847200e-01
   5.8291667e+00   7.2847200e-01
   5.8333333e+00   7.3152000e-01
   5.8375000e+00   7.3456800e-01
   5.8416667e+00   7.3456800e-01
   5.8458333e+00   7.3456800e-01
   5.8500000e+00   7.4066400e-01
   5.8541667e+00   7.4371200e-01
   5.8583333e+00   7.4980800e-01
   5.8625000e+00   7.5895200e-01
   5.8666667e+00   7.6809600e-01
   5.8708333e+00   7.8028800e-01
   5.8750000e+00   7.9248000e-01
   5.8791667e+00   8.1381600e-01
   5.8833333e+00   8.2905600e-01
   5.8875000e+00   8.4429600e-01
   5.8916667e+00   8.5648800e-01
   5.8958333e+00   8.7477600e-01
   5.9000000e+00   8.8696800e-01
   5.9041667e+00   9.0525600e-01
   5.9083333e+00   9.2049600e-01
   5.9125000e+00   9.3878400e-01
   5.9166667e+00   9.5097600e-01
   5.9208333e+00   9.6926400e-01
   5.9250000e+00   9.8145600e-01
   5.9291667e+00   1.0027920e+00
   5.9333333e+00   1.0210800e+00
   5.9375000e+00   1.0332720e+00
   5.9416667e+00   1.0515600e+00
   5.9458333e+00   1.0698480e+00
   5.9500000e+00   1.0850880e+00
   5.9541667e+00   1.0972800e+00
   5.9583333e+00   1.1125200e+00
   5.9625000e+00   1.1308080e+00
   5.9666667e+00   1.1460480e+00
   5.9708333e+00   1.1612880e+00
   5.9750000e+00   1.1734800e+00
   5.9791667e+00   1.1856720e+00
   5.9833333e+00   1.1948160e+00
   5.9875000e+00   1.2131040e+00
   5.9916667e+00   1.2283440e+00
   5.9958333e+00   1.2435840e+00
   6.0000000e+00   1.2557760e+00
   6.0041667e+00   1.2710160e+00
   6.0083333e+00   1.2832080e+00
   6.0125000e+00   1.2923520e+00
   6.0166667e+00   1.3045440e+00
   6.0208333e+00   1.3228320e+00
   6.0250000e+00   1.3380720e+00
   6.0291667e+00   1.3533120e+00
   6.0333333e+00   1.3685520e+00
   6.0375000e+00   1.3746480e+00
   6.0416667e+00   1.3898880e+00
   6.0458333e+00   1.3990320e+00
   6.0500000e+00   1.4112240e+00
   6.0541667e+00   1.4173200e+00
   6.0583333e+00   1.4234160e+00
   6.0625000e+00   1.4264640e+00
   6.0666667e+00   1.4417040e+00
   6.0708333e+00   1.4538960e+00
   6.0750000e+00   1.4630400e+00
   6.0791667e+00   1.4660880e+00
   6.0833333e+00   1.4752320e+00
   6.0875000e+00   1.4752320e+00
   6.0916667e+00   1.4752320e+00
   6.0958333e+00   1.4721840e+00
   6.1000000e+00   1.4721840e+00
   6.1041667e+00   1.4691360e+00
   6.1083333e+00   1.4691360e+00
   6.1125000e+00   1.4691360e+00
   6.1166667e+00   1.4569440e+00
   6.1208333e+00   1.4538960e+00
   6.1250000e+00   1.4508480e+00
   6.1291667e+00   1.4478000e+00
   6.1333333e+00   1.4508480e+00
   6.1375000e+00   1.4386560e+00
   6.1416667e+00   1.4325600e+00
   6.1458333e+00   1.4264640e+00
   6.1500000e+00   1.4142720e+00
   6.1541667e+00   1.4051280e+00
   6.1583333e+00   1.3929360e+00
   6.1625000e+00   1.3837920e+00
   6.1666667e+00   1.3746480e+00
   6.1708333e+00   1.3624560e+00
   6.1750000e+00   1.3502640e+00
   6.1791667e+00   1.3441680e+00
   6.1833333e+00   1.3319760e+00
   6.1875000e+00   1.3258800e+00
   6.1916667e+00   1.3197840e+00
   6.1958333e+00   1.3075920e+00
   6.2000000e+00   1.3014960e+00
   6.2041667e+00   1.2954000e+00
   6.2083333e+00   1.2832080e+00
   6.2125000e+00   1.2740640e+00
   6.2166667e+00   1.2649200e+00
   6.2208333e+00   1.2557760e+00
   6.2250000e+00   1.2466320e+00
   6.2291667e+00   1.2374880e+00
   6.2333333e+00   1.2252960e+00
   6.2375000e+00   1.2100560e+00
   6.2416667e+00   1.2039600e+00
   6.2458333e+00   1.1948160e+00
   6.2500000e+00   1.1826240e+00
   6.2541667e+00   1.1795760e+00
   6.2583333e+00   1.1704320e+00
   6.2625000e+00   1.1612880e+00
   6.2666667e+00   1.1521440e+00
   6.2708333e+00   1.1460480e+00
   6.2750000e+00   1.1369040e+00
   6.2791667e+00   1.1308080e+00
   6.2833333e+00   1.1216640e+00
   6.2875000e+00   1.1155680e+00
   6.2916667e+00   1.1064240e+00
   6.2958333e+00   1.1003280e+00
   6.3000000e+00   1.0911840e+00
   6.3041667e+00   1.0850880e+00
   6.3083333e+00   1.0789920e+00
   6.3125000e+00   1.0728960e+00
   6.3166667e+00   1.0698480e+00
   6.3208333e+00   1.0668000e+00
   6.3250000e+00   1.0637520e+00
   6.3291667e+00   1.0607040e+00
   6.3333333e+00   1.0576560e+00
   6.3375000e+00   1.0454640e+00
   6.3416667e+00   1.0454640e+00
   6.3458333e+00   1.0515600e+00
   6.3500000e+00   1.0576560e+00
   6.3541667e+00   1.0637520e+00
   6.3583333e+00   1.0728960e+00
   6.3625000e+00   1.0850880e+00
   6.3666667e+00   1.0942320e+00
   6.3708333e+00   1.1003280e+00
   6.3750000e+00   1.1155680e+00
   6.3791667e+00   1.1308080e+00
   6.3833333e+00   1.1338560e+00
   6.3875000e+00   1.1490960e+00
   6.3916667e+00   1.1582400e+00
   6.3958333e+00   1.1704320e+00
   6.4000000e+00   1.1826240e+00
   6.4041667e+00   1.1978640e+00
   6.4083333e+00   1.2039600e+00
   6.4125000e+00   1.2131040e+00
   6.4166667e+00   1.2192000e+00
   6.4208333e+00   1.2252960e+00
   6.4250000e+00   1.2344400e+00
   6.4291667e+00   1.2496800e+00
   6.4333333e+00   1.2618720e+00
   6.4375000e+00   1.2801600e+00
   6.4416667e+00   1.3014960e+00
   6.4458333e+00   1.3228320e+00
   6.4500000e+00   1.3258800e+00
   6.4541667e+00   1.3411200e+00
   6.4583333e+00   1.3533120e+00
   6.4625000e+00   1.3685520e+00
   6.4666667e+00   1.3776960e+00
   6.4708333e+00   1.3990320e+00
   6.4750000e+00   1.4051280e+00
   6.4791667e+00   1.4173200e+00
   6.4833333e+00   1.4203680e+00
   6.4875000e+00   1.4386560e+00
   6.4916667e+00   1.4508480e+00
   6.4958333e+00   1.4660880e+00
   6.5000000e+00   1.4721840e+00
   6.5041667e+00   1.4904720e+00
   6.5083333e+00   1.4965680e+00
   6.5125000e+00   1.5087600e+00
   6.5166667e+00   1.5240000e+00
   6.5208333e+00   1.5300960e+00
   6.5250000e+00   1.5361920e+00
   6.5291667e+00   1.5483840e+00
   6.5333333e+00   1.5575280e+00
   6.5375000e+00   1.5636240e+00
   6.5416667e+00   1.5697200e+00
   6.5458333e+00   1.5819120e+00
   6.5500000e+00   1.5849600e+00
   6.5541667e+00   1.5971520e+00
   6.5583333e+00   1.6062960e+00
   6.5625000e+00   1.6154400e+00
   6.5666667e+00   1.6245840e+00
   6.5708333e+00   1.6245840e+00
   6.5750000e+00   1.6306800e+00
   6.5791667e+00   1.6306800e+00
   6.5833333e+00   1.6367760e+00
   6.5875000e+00   1.6459200e+00
   6.5916667e+00   1.6459200e+00
   6.5958333e+00   1.6520160e+00
   6.6000000e+00   1.6550640e+00
   6.6041667e+00   1.6550640e+00
   6.6083333e+00   1.6581120e+00
   6.6125000e+00   1.6581120e+00
   6.6166667e+00   1.6611600e+00
   6.6208333e+00   1.6611600e+00
   6.6250000e+00   1.6581120e+00
   6.6291667e+00   1.6550640e+00
   6.6333333e+00   1.6581120e+00
   6.6375000e+00   1.6459200e+00
   6.6416667e+00   1.6428720e+00
   6.6458333e+00   1.6306800e+00
   6.6500000e+00   1.6245840e+00
   6.6541667e+00   1.6062960e+00
   6.6583333e+00   1.5941040e+00
   6.6625000e+00   1.5758160e+00
   6.6666667e+00   1.5605760e+00
   6.6708333e+00   1.5514320e+00
   6.6750000e+00   1.5392400e+00
   6.6791667e+00   1.5300960e+00
   6.6833333e+00   1.5209520e+00
   6.6875000e+00   1.5026640e+00
   6.6916667e+00   1.4904720e+00
   6.6958333e+00   1.4782800e+00
   6.7000000e+00   1.4691360e+00
   6.7041667e+00   1.4569440e+00
   6.7083333e+00   1.4508480e+00
   6.7125000e+00   1.4447520e+00
   6.7166667e+00   1.4356080e+00
   6.7208333e+00   1.4234160e+00
   6.7250000e+00   1.4112240e+00
   6.7291667e+00   1.4051280e+00
   6.7333333e+00   1.4051280e+00
   6.7375000e+00   1.3898880e+00
   6.7416667e+00   1.3716000e+00
   6.7458333e+00   1.3594080e+00
   6.7500000e+00   1.3472160e+00
   6.7541667e+00   1.3319760e+00
   6.7583333e+00   1.3167360e+00
   6.7625000e+00   1.3045440e+00
   6.7666667e+00   1.2893040e+00
   6.7708333e+00   1.2710160e+00
   6.7750000e+00   1.2527280e+00
   6.7791667e+00   1.2344400e+00
   6.7833333e+00   1.2222480e+00
   6.7875000e+00   1.2100560e+00
   6.7916667e+00   1.1978640e+00
   6.7958333e+00   1.1765280e+00
   6.8000000e+00   1.1704320e+00
   6.8041667e+00   1.1582400e+00
   6.8083333e+00   1.1460480e+00
   6.8125000e+00   1.1399520e+00
   6.8166667e+00   1.1247120e+00
   6.8208333e+00   1.1155680e+00
   6.8250000e+00   1.1003280e+00
   6.8291667e+00   1.0881360e+00
   6.8333333e+00   1.0759440e+00
   6.8375000e+00   1.0698480e+00
   6.8416667e+00   1.0485120e+00
   6.8458333e+00   1.0332720e+00
   6.8500000e+00   1.0241280e+00
   6.8541667e+00   1.0058400e+00
   6.8583333e+00   9.8755200e-01
   6.8625000e+00   9.6621600e-01
   6.8666667e+00   9.4183200e-01
   6.8708333e+00   9.2354400e-01
   6.8750000e+00   9.1744800e-01
   6.8791667e+00   9.2354400e-01
   6.8833333e+00   9.2049600e-01
   6.8875000e+00   9.3268800e-01
   6.8916667e+00   9.1440000e-01
   6.8958333e+00   9.0525600e-01
   6.9000000e+00   9.1744800e-01
   6.9041667e+00   9.1744800e-01
   6.9083333e+00   9.2354400e-01
   6.9125000e+00   9.2964000e-01
   6.9166667e+00   9.3268800e-01
   6.9208333e+00   9.4488000e-01
   6.9250000e+00   9.5097600e-01
   6.9291667e+00   9.4792800e-01
   6.9333333e+00   9.3878400e-01
   6.9375000e+00   9.2964000e-01
   6.9416667e+00   9.2964000e-01
   6.9458333e+00   9.3268800e-01
   6.9500000e+00   9.3573600e-01
   6.9541667e+00   9.4488000e-01
   6.9583333e+00   9.5402400e-01
   6.9625000e+00   9.6012000e-01
   6.9666667e+00   9.6316800e-01
   6.9708333e+00   9.6316800e-01
   6.9750000e+00   9.6316800e-01
   6.9791667e+00   9.6316800e-01
   6.9833333e+00   9.6012000e-01
   6.9875000e+00   9.6012000e-01
   6.9916667e+00   9.4792800e-01
   6.9958333e+00   9.4488000e-01
   7.0000000e+00   9.2964000e-01
   7.0041667e+00   9.2659200e-01
   7.0083333e+00   9.1440000e-01
   7.0125000e+00   9.0220800e-01
   7.0166667e+00   8.9916000e-01
   7.0208333e+00   8.9611200e-01
   7.0250000e+00   8.9001600e-01
   7.0291667e+00   8.9001600e-01
   7.0333333e+00   8.9306400e-01
   7.0375000e+00   8.9001600e-01
   7.0416667e+00   8.9306400e-01
   7.0458333e+00   9.0220800e-01
   7.0500000e+00   9.1744800e-01
   7.0541667e+00   9.3573600e-01
   7.0583333e+00   9.6316800e-01
   7.0625000e+00   9.9060000e-01
   7.0666667e+00   1.0241280e+00
   7.0708333e+00   1.0515600e+00
   7.0750000e+00   1.0820400e+00
   7.0791667e+00   1.0942320e+00
   7.0833333e+00   1.1064240e+00
   7.0875000e+00   1.1186160e+00
   7.0916667e+00   1.1216640e+00
   7.0958333e+00   1.1308080e+00
   7.1000000e+00   1.1247120e+00
   7.1041667e+00   1.1308080e+00
   7.1083333e+00   1.1308080e+00
   7.1125000e+00   1.1369040e+00
   7.1166667e+00   1.1338560e+00
   7.1208333e+00   1.1369040e+00
   7.1250000e+00   1.1369040e+00
   7.1291667e+00   1.1369040e+00
   7.1333333e+00   1.1308080e+00
   7.1375000e+00   1.1308080e+00
   7.1416667e+00   1.1247120e+00
   7.1458333e+00   1.1125200e+00
   7.1500000e+00   1.1003280e+00
   7.1541667e+00   1.0881360e+00
   7.1583333e+00   1.0637520e+00
   7.1625000e+00   1.0424160e+00
   7.1666667e+00   1.0271760e+00
   7.1708333e+00   1.0027920e+00
   7.1750000e+00   9.8450400e-01
   7.1791667e+00   9.6926400e-01
   7.1833333e+00   9.4792800e-01
   7.1875000e+00   9.2964000e-01
   7.1916667e+00   9.2354400e-01
   7.1958333e+00   9.0830400e-01
   7.2000000e+00   8.9916000e-01
   7.2041667e+00   8.8696800e-01
   7.2083333e+00   8.8087200e-01
   7.2125000e+00   8.7782400e-01
   7.2166667e+00   8.6563200e-01
   7.2208333e+00   8.6258400e-01
   7.2250000e+00   8.5039200e-01
   7.2291667e+00   8.4124800e-01
   7.2333333e+00   8.2905600e-01
   7.2375000e+00   8.1381600e-01
   7.2416667e+00   8.0162400e-01
   7.2458333e+00   7.9248000e-01
   7.2500000e+00   7.8028800e-01
   7.2541667e+00   7.6809600e-01
   7.2583333e+00   7.5895200e-01
   7.2625000e+00   7.4676000e-01
   7.2666667e+00   7.3456800e-01
   7.2708333e+00   7.2847200e-01
   7.2750000e+00   7.1628000e-01
   7.2791667e+00   7.1018400e-01
   7.2833333e+00   6.9799200e-01
   7.2875000e+00   6.8580000e-01
   7.2916667e+00   6.7665600e-01
   7.2958333e+00   6.6751200e-01
   7.3000000e+00   6.5836800e-01
   7.3041667e+00   6.4922400e-01
   7.3083333e+00   6.4008000e-01
   7.3125000e+00   6.2788800e-01
   7.3166667e+00   6.2179200e-01
   7.3208333e+00   6.1569600e-01
   7.3250000e+00   6.0655200e-01
   7.3291667e+00   5.9740800e-01
   7.3333333e+00   5.9131200e-01
   7.3375000e+00   5.8521600e-01
   7.3416667e+00   5.8216800e-01
   7.3458333e+00   5.7302400e-01
   7.3500000e+00   5.6997600e-01
   7.3541667e+00   5.6388000e-01
   7.3583333e+00   5.5778400e-01
   7.3625000e+00   5.5778400e-01
   7.3666667e+00   5.4864000e-01
   7.3708333e+00   5.4559200e-01
   7.3750000e+00   5.3949600e-01
   7.3791667e+00   5.3949600e-01
   7.3833333e+00   5.3949600e-01
   7.3875000e+00   5.4254400e-01
   7.3916667e+00   5.3949600e-01
   7.3958333e+00   5.4254400e-01
   7.4000000e+00   5.4254400e-01
   7.4041667e+00   5.4254400e-01
   7.4083333e+00   5.4864000e-01
   7.4125000e+00   5.4864000e-01
   7.4166667e+00   5.5473600e-01
   7.4208333e+00   5.6083200e-01
   7.4250000e+00   5.6388000e-01
   7.4291667e+00   5.7302400e-01
   7.4333333e+00   5.7912000e-01
   7.4375000e+00   5.8521600e-01
   7.4416667e+00   6.0350400e-01
   7.4458333e+00   6.1264800e-01
   7.4500000e+00   6.3398400e-01
   7.4541667e+00   6.4922400e-01
   7.4583333e+00   6.7360800e-01
   7.4625000e+00   6.7970400e-01
   7.4666667e+00   7.0408800e-01
   7.4708333e+00   7.1628000e-01
   7.4750000e+00   7.2542400e-01
   7.4791667e+00   7.3456800e-01
   7.4833333e+00   7.4676000e-01
   7.4875000e+00   7.5285600e-01
   7.4916667e+00   7.6809600e-01
   7.4958333e+00   7.7724000e-01
   7.5000000e+00   7.8638400e-01
   7.5041667e+00   8.0162400e-01
   7.5083333e+00   8.1381600e-01
   7.5125000e+00   8.2600800e-01
   7.5166667e+00   8.3515200e-01
   7.5208333e+00   8.4429600e-01
   7.5250000e+00   8.5039200e-01
   7.5291667e+00   8.5953600e-01
   7.5333333e+00   8.6868000e-01
   7.5375000e+00   8.7477600e-01
   7.5416667e+00   8.8087200e-01
   7.5458333e+00   8.8696800e-01
   7.5500000e+00   8.9611200e-01
   7.5541667e+00   9.0220800e-01
   7.5583333e+00   9.1135200e-01
   7.5625000e+00   9.1440000e-01
   7.5666667e+00   9.1744800e-01
   7.5708333e+00   9.2354400e-01
   7.5750000e+00   9.2964000e-01
   7.5791667e+00   9.2964000e-01
   7.5833333e+00   9.3573600e-01
   7.5875000e+00   9.3573600e-01
   7.5916667e+00   9.3573600e-01
   7.5958333e+00   9.3573600e-01
   7.6000000e+00   9.3573600e-01
   7.6041667e+00   9.3268800e-01
   7.6083333e+00   9.2964000e-01
   7.6125000e+00   9.2354400e-01
   7.6166667e+00   9.2049600e-01
   7.6208333e+00   9.1135200e-01
   7.6250000e+00   9.0220800e-01
   7.6291667e+00   8.9611200e-01
   7.6333333e+00   8.8392000e-01
   7.6375000e+00   8.7172800e-01
   7.6416667e+00   8.5344000e-01
   7.6458333e+00   8.2905600e-01
   7.6500000e+00   8.0772000e-01
   7.6541667e+00   7.9248000e-01
   7.6583333e+00   7.7724000e-01
   7.6625000e+00   7.6809600e-01
   7.6666667e+00   7.5895200e-01
   7.6708333e+00   7.4676000e-01
   7.6750000e+00   7.3456800e-01
   7.6791667e+00   7.2847200e-01
   7.6833333e+00   7.1628000e-01
   7.6875000e+00   7.0713600e-01
   7.6916667e+00   6.9494400e-01
   7.6958333e+00   6.8275200e-01
   7.7000000e+00   6.7056000e-01
   7.7041667e+00   6.5836800e-01
   7.7083333e+00   6.4617600e-01
   7.7125000e+00   6.3398400e-01
   7.7166667e+00   6.2179200e-01
   7.7208333e+00   6.0960000e-01
   7.7250000e+00   5.9740800e-01
   7.7291667e+00   5.8216800e-01
   7.7333333e+00   5.6997600e-01
   7.7375000e+00   5.5473600e-01
   7.7416667e+00   5.3949600e-01
   7.7458333e+00   5.2120800e-01
   7.7500000e+00   5.1206400e-01
   7.7541667e+00   4.9987200e-01
   7.7583333e+00   4.8463200e-01
   7.7625000e+00   4.6939200e-01
   7.7666667e+00   4.5720000e-01
   7.7708333e+00   4.4196000e-01
   7.7750000e+00   4.2672000e-01
   7.7791667e+00   4.1148000e-01
   7.7833333e+00   3.9928800e-01
   7.7875000e+00   3.8709600e-01
   7.7916667e+00   3.7185600e-01
   7.7958333e+00   3.5661600e-01
   7.8000000e+00   3.4442400e-01
   7.8041667e+00   3.2918400e-01
   7.8083333e+00   3.1699200e-01
   7.8125000e+00   3.0175200e-01
   7.8166667e+00   2.8956000e-01
   7.8208333e+00   2.7736800e-01
   7.8250000e+00   2.6822400e-01
   7.8291667e+00   2.5603200e-01
   7.8333333e+00   2.4384000e-01
   7.8375000e+00   2.3164800e-01
   7.8416667e+00   2.1945600e-01
   7.8458333e+00   2.0726400e-01
   7.8500000e+00   1.9507200e-01
   7.8541667e+00   1.8288000e-01
   7.8583333e+00   1.7373600e-01
   7.8625000e+00   1.6459200e-01
   7.8666667e+00   1.5544800e-01
   7.8708333e+00   1.4325600e-01
   7.8750000e+00   1.3106400e-01
   7.8791667e+00   1.2192000e-01
   7.8833333e+00   1.1582400e-01
   7.8875000e+00   1.0972800e-01
   7.8916667e+00   1.0668000e-01
   7.8958333e+00   1.0058400e-01
   7.9000000e+00   9.7536000e-02
   7.9041667e+00   9.4488000e-02
   7.9083333e+00   9.4488000e-02
   7.9125000e+00   9.1440000e-02
   7.9166667e+00   8.8392000e-02
   7.9208333e+00   8.8392000e-02
   7.9250000e+00   8.8392000e-02
   7.9291667e+00   8.8392000e-02
   7.9333333e+00   8.8392000e-02
   7.9375000e+00   1.0058400e-01
   7.9416667e+00   1.0668000e-01
   7.9458333e+00   1.2192000e-01
   7.9500000e+00   1.3716000e-01
   7.9541667e+00   1.4935200e-01
   7.9583333e+00   1.6459200e-01
   7.9625000e+00   1.7983200e-01
   7.9666667e+00   1.9507200e-01
   7.9708333e+00   2.1336000e-01
   7.9750000e+00   2.3469600e-01
   7.9791667e+00   2.5298400e-01
   7.9833333e+00   2.7432000e-01
   7.9875000e+00   3.0175200e-01
   7.9916667e+00   3.2308800e-01
   7.9958333e+00   3.4442400e-01
   8.0000000e+00   3.6576000e-01
   8.0041667e+00   3.9014400e-01
   8.0083333e+00   4.0538400e-01
   8.0125000e+00   4.2367200e-01
   8.0166667e+00   4.3891200e-01
   8.0208333e+00   4.5110400e-01
   8.0250000e+00   4.6329600e-01
   8.0291667e+00   4.7548800e-01
   8.0333333e+00   4.8768000e-01
   8.0375000e+00   4.9987200e-01
   8.0416667e+00   5.0901600e-01
   8.0458333e+00   5.1511200e-01
   8.0500000e+00   5.2425600e-01
   8.0541667e+00   5.3035200e-01
   8.0583333e+00   5.3949600e-01
   8.0625000e+00   5.4559200e-01
   8.0666667e+00   5.5168800e-01
   8.0708333e+00   5.5473600e-01
   8.0750000e+00   5.5778400e-01
   8.0791667e+00   5.6083200e-01
   8.0833333e+00   5.6388000e-01
   8.0875000e+00   5.6997600e-01
   8.0916667e+00   5.7302400e-01
   8.0958333e+00   5.7607200e-01
   8.1000000e+00   5.7912000e-01
   8.1041667e+00   5.8216800e-01
   8.1083333e+00   5.8216800e-01
   8.1125000e+00   5.8216800e-01
   8.1166667e+00   5.8216800e-01
   8.1208333e+00   5.8216800e-01
   8.1250000e+00   5.7912000e-01
   8.1291667e+00   5.7607200e-01
   8.1333333e+00   5.7607200e-01
   8.1375000e+00   5.6997600e-01
   8.1416667e+00   5.6388000e-01
   8.1458333e+00   5.6083200e-01
   8.1500000e+00   5.5168800e-01
   8.1541667e+00   5.4559200e-01
   8.1583333e+00   5.3949600e-01
   8.1625000e+00   5.3035200e-01
   8.1666667e+00   5.2120800e-01
   8.1708333e+00   5.0901600e-01
   8.1750000e+00   4.9682400e-01
   8.1791667e+00   4.8463200e-01
   8.1833333e+00   4.6329600e-01
   8.1875000e+00   4.5110400e-01
   8.1916667e+00   4.4196000e-01
   8.1958333e+00   4.2976800e-01
   8.2000000e+00   4.1452800e-01
   8.2041667e+00   4.0538400e-01
   8.2083333e+00   3.9319200e-01
   8.2125000e+00   3.8100000e-01
   8.2166667e+00   3.7185600e-01
   8.2208333e+00   3.6271200e-01
   8.2250000e+00   3.5356800e-01
   8.2291667e+00   3.4442400e-01
   8.2333333e+00   3.3528000e-01
   8.2375000e+00   3.2613600e-01
   8.2416667e+00   3.1394400e-01
   8.2458333e+00   3.0480000e-01
   8.2500000e+00   2.9260800e-01
   8.2541667e+00   2.8346400e-01
   8.2583333e+00   2.7127200e-01
   8.2625000e+00   2.5908000e-01
   8.2666667e+00   2.4384000e-01
   8.2708333e+00   2.3164800e-01
   8.2750000e+00   2.1945600e-01
   8.2791667e+00   2.0726400e-01
   8.2833333e+00   1.9507200e-01
   8.2875000e+00   1.8288000e-01
   8.2916667e+00   1.7373600e-01
   8.2958333e+00   1.6154400e-01
   8.3000000e+00   1.4935200e-01
   8.3041667e+00   1.3716000e-01
   8.3083333e+00   1.2801600e-01
   8.3125000e+00   1.1582400e-01
   8.3166667e+00   1.0668000e-01
   8.3208333e+00   1.0363200e-01
   8.3250000e+00   9.4488000e-02
   8.3291667e+00   8.8392000e-02
   8.3333333e+00   8.5344000e-02
   8.3375000e+00   7.9248000e-02
   8.3416667e+00   7.0104000e-02
   8.3458333e+00   6.0960000e-02
   8.3500000e+00   5.4864000e-02
   8.3541667e+00   4.8768000e-02
   8.3583333e+00   4.8768000e-02
   8.3625000e+00   4.8768000e-02
   8.3666667e+00   5.1816000e-02
   8.3708333e+00   5.1816000e-02
   8.3750000e+00   5.7912000e-02
   8.3791667e+00   6.4008000e-02
   8.3833333e+00   7.0104000e-02
   8.3875000e+00   8.2296000e-02
   8.3916667e+00   9.4488000e-02
   8.3958333e+00   1.0363200e-01
   8.4000000e+00   1.1582400e-01
   8.4041667e+00   1.3106400e-01
   8.4083333e+00   1.4325600e-01
   8.4125000e+00   1.5849600e-01
   8.4166667e+00   1.7678400e-01
   8.4208333e+00   1.9507200e-01
   8.4250000e+00   2.1640800e-01
   8.4291667e+00   2.3469600e-01
   8.4333333e+00   2.5603200e-01
   8.4375000e+00   2.7432000e-01
   8.4416667e+00   2.8956000e-01
   8.4458333e+00   3.0784800e-01
   8.4500000e+00   3.2613600e-01
   8.4541667e+00   3.3832800e-01
   8.4583333e+00   3.5356800e-01
   8.4625000e+00   3.6880800e-01
   8.4666667e+00   3.8709600e-01
   8.4708333e+00   4.0233600e-01
   8.4750000e+00   4.2062400e-01
   8.4791667e+00   4.3586400e-01
   8.4833333e+00   4.6024800e-01
   8.4875000e+00   4.7548800e-01
   8.4916667e+00   4.9377600e-01
   8.4958333e+00   5.1206400e-01
   8.5000000e+00   5.2730400e-01
   8.5041667e+00   5.3949600e-01
   8.5083333e+00   5.4864000e-01
   8.5125000e+00   5.6388000e-01
   8.5166667e+00   5.7912000e-01
   8.5208333e+00   6.0045600e-01
   8.5250000e+00   6.0655200e-01
   8.5291667e+00   6.1874400e-01
   8.5333333e+00   6.3398400e-01
   8.5375000e+00   6.4617600e-01
   8.5416667e+00   6.6141600e-01
   8.5458333e+00   6.7360800e-01
   8.5500000e+00   6.8580000e-01
   8.5541667e+00   6.9799200e-01
   8.5583333e+00   7.1018400e-01
   8.5625000e+00   7.2237600e-01
   8.5666667e+00   7.3152000e-01
   8.5708333e+00   7.4371200e-01
   8.5750000e+00   7.5590400e-01
   8.5791667e+00   7.6809600e-01
   8.5833333e+00   7.8028800e-01
   8.5875000e+00   7.8638400e-01
   8.5916667e+00   7.9857600e-01
   8.5958333e+00   8.0162400e-01
   8.6000000e+00   8.0772000e-01
   8.6041667e+00   8.1381600e-01
   8.6083333e+00   8.1686400e-01
   8.6125000e+00   8.1991200e-01
   8.6166667e+00   8.2600800e-01
   8.6208333e+00   8.2600800e-01
   8.6250000e+00   8.2600800e-01
   8.6291667e+00   8.2600800e-01
   8.6333333e+00   8.2600800e-01
   8.6375000e+00   8.2600800e-01
   8.6416667e+00   8.2296000e-01
   8.6458333e+00   8.1991200e-01
   8.6500000e+00   8.1381600e-01
   8.6541667e+00   8.1381600e-01
   8.6583333e+00   8.0162400e-01
   8.6625000e+00   7.9857600e-01
   8.6666667e+00   7.8943200e-01
   8.6708333e+00   7.7724000e-01
   8.6750000e+00   7.6200000e-01
   8.6791667e+00   7.4371200e-01
   8.6833333e+00   7.2542400e-01
   8.6875000e+00   7.0713600e-01
   8.6916667e+00   6.8884800e-01
   8.6958333e+00   6.6751200e-01
   8.7000000e+00   6.4617600e-01
   8.7041667e+00   6.2788800e-01
   8.7083333e+00   6.0655200e-01
   8.7125000e+00   5.8826400e-01
   8.7166667e+00   5.7607200e-01
   8.7208333e+00   5.6997600e-01
   8.7250000e+00   5.6083200e-01
   8.7291667e+00   5.5168800e-01
   8.7333333e+00   5.4559200e-01
   8.7375000e+00   5.3949600e-01
   8.7416667e+00   5.3035200e-01
   8.7458333e+00   5.2120800e-01
   8.7500000e+00   5.1206400e-01
   8.7541667e+00   5.0292000e-01
   8.7583333e+00   4.9377600e-01
   8.7625000e+00   4.8158400e-01
   8.7666667e+00   4.6939200e-01
   8.7708333e+00   4.5415200e-01
   8.7750000e+00   4.4196000e-01
   8.7791667e+00   4.2672000e-01
   8.7833333e+00   4.1452800e-01
   8.7875000e+00   3.9928800e-01
   8.7916667e+00   3.8709600e-01
   8.7958333e+00   3.7490400e-01
   8.8000000e+00   3.5661600e-01
   8.8041667e+00   3.4747200e-01
   8.8083333e+00   3.2918400e-01
   8.8125000e+00   3.1699200e-01
   8.8166667e+00   3.0480000e-01
   8.8208333e+00   2.9260800e-01
   8.8250000e+00   2.7432000e-01
   8.8291667e+00   2.6212800e-01
   8.8333333e+00   2.4993600e-01
   8.8375000e+00   2.3774400e-01
   8.8416667e+00   2.2555200e-01
   8.8458333e+00   2.1640800e-01
   8.8500000e+00   2.0116800e-01
   8.8541667e+00   1.9202400e-01
   8.8583333e+00   1.7983200e-01
   8.8625000e+00   1.6764000e-01
   8.8666667e+00   1.6154400e-01
   8.8708333e+00   1.5544800e-01
   8.8750000e+00   1.4325600e-01
   8.8791667e+00   1.3716000e-01
   8.8833333e+00   1.3106400e-01
   8.8875000e+00   1.2192000e-01
   8.8916667e+00   1.1277600e-01
   8.8958333e+00   1.0363200e-01
   8.9000000e+00   1.0058400e-01
   8.9041667e+00   9.1440000e-02
   8.9083333e+00   8.5344000e-02
   8.9125000e+00   8.2296000e-02
   8.9166667e+00   7.9248000e-02
   8.9208333e+00   7.6200000e-02
   8.9250000e+00   7.6200000e-02
   8.9291667e+00   7.3152000e-02
   8.9333333e+00   7.3152000e-02
   8.9375000e+00   7.3152000e-02
   8.9416667e+00   7.3152000e-02
   8.9458333e+00   7.3152000e-02
   8.9500000e+00   7.9248000e-02
   8.9541667e+00   8.8392000e-02
   8.9583333e+00   1.0058400e-01
   8.9625000e+00   1.1277600e-01
   8.9666667e+00   1.2801600e-01
   8.9708333e+00   1.4325600e-01
   8.9750000e+00   1.5849600e-01
   8.9791667e+00   1.7983200e-01
   8.9833333e+00   1.9507200e-01
   8.9875000e+00   2.1336000e-01
   8.9916667e+00   2.2860000e-01
   8.9958333e+00   2.4993600e-01
   9.0000000e+00   2.6822400e-01
   9.0041667e+00   2.8651200e-01
   9.0083333e+00   3.0175200e-01
   9.0125000e+00   3.2004000e-01
   9.0166667e+00   3.3528000e-01
   9.0208333e+00   3.5356800e-01
   9.0250000e+00   3.6576000e-01
   9.0291667e+00   3.7795200e-01
   9.0333333e+00   3.9319200e-01
   9.0375000e+00   4.0233600e-01
   9.0416667e+00   4.1452800e-01
   9.0458333e+00   4.2672000e-01
   9.0500000e+00   4.3891200e-01
   9.0541667e+00   4.4805600e-01
   9.0583333e+00   4.6024800e-01
   9.0625000e+00   4.6939200e-01
   9.0666667e+00   4.8158400e-01
   9.0708333e+00   4.9072800e-01
   9.0750000e+00   4.9987200e-01
   9.0791667e+00   5.0596800e-01
   9.0833333e+00   5.1206400e-01
   9.0875000e+00   5.1816000e-01
   9.0916667e+00   5.2425600e-01
   9.0958333e+00   5.3035200e-01
   9.1000000e+00   5.3644800e-01
   9.1041667e+00   5.4254400e-01
   9.1083333e+00   5.4864000e-01
   9.1125000e+00   5.4864000e-01
   9.1166667e+00   5.5473600e-01
   9.1208333e+00   5.5778400e-01
   9.1250000e+00   5.6083200e-01
   9.1291667e+00   5.6083200e-01
   9.1333333e+00   5.6388000e-01
   9.1375000e+00   5.6692800e-01
   9.1416667e+00   5.6997600e-01
   9.1458333e+00   5.7302400e-01
   9.1500000e+00   5.7302400e-01
   9.1541667e+00   5.7302400e-01
   9.1583333e+00   5.6997600e-01
   9.1625000e+00   5.6388000e-01
   9.1666667e+00   5.5473600e-01
   9.1708333e+00   5.4559200e-01
   9.1750000e+00   5.3644800e-01
   9.1791667e+00   5.2425600e-01
   9.1833333e+00   5.1511200e-01
   9.1875000e+00   5.0292000e-01
   9.1916667e+00   4.9377600e-01
   9.1958333e+00   4.7548800e-01
   9.2000000e+00   4.5720000e-01
   9.2041667e+00   4.4196000e-01
   9.2083333e+00   4.2367200e-01
   9.2125000e+00   4.0843200e-01
   9.2166667e+00   3.9319200e-01
   9.2208333e+00   3.8100000e-01
   9.2250000e+00   3.7490400e-01
   9.2291667e+00   3.6271200e-01
   9.2333333e+00   3.5356800e-01
   9.2375000e+00   3.4442400e-01
   9.2416667e+00   3.3832800e-01
   9.2458333e+00   3.3223200e-01
   9.2500000e+00   3.2613600e-01
   9.2541667e+00   3.1699200e-01
   9.2583333e+00   3.0784800e-01
   9.2625000e+00   2.9870400e-01
   9.2666667e+00   2.8956000e-01
   9.2708333e+00   2.7736800e-01
   9.2750000e+00   2.6517600e-01
   9.2791667e+00   2.5298400e-01
   9.2833333e+00   2.4079200e-01
   9.2875000e+00   2.3164800e-01
   9.2916667e+00   2.1640800e-01
   9.2958333e+00   2.0421600e-01
   9.3000000e+00   1.9202400e-01
   9.3041667e+00   1.7983200e-01
   9.3083333e+00   1.6764000e-01
   9.3125000e+00   1.5544800e-01
   9.3166667e+00   1.4325600e-01
   9.3208333e+00   1.3106400e-01
   9.3250000e+00   1.1887200e-01
   9.3291667e+00   1.0668000e-01
   9.3333333e+00   1.0058400e-01
   9.3375000e+00   9.1440000e-02
   9.3416667e+00   8.2296000e-02
   9.3458333e+00   7.0104000e-02
   9.3500000e+00   6.4008000e-02
   9.3541667e+00   5.1816000e-02
   9.3583333e+00   4.5720000e-02
   9.3625000e+00   3.9624000e-02
   9.3666667e+00   3.3528000e-02
   9.3708333e+00   3.0480000e-02
   9.3750000e+00   2.4384000e-02
   9.3791667e+00   2.1336000e-02
   9.3833333e+00   2.1336000e-02
   9.3875000e+00   1.5240000e-02
   9.3916667e+00   1.5240000e-02
   9.3958333e+00   1.2192000e-02
   9.4000000e+00   1.2192000e-02
   9.4041667e+00   1.5240000e-02
   9.4083333e+00   1.8288000e-02
   9.4125000e+00   2.4384000e-02
   9.4166667e+00   2.7432000e-02
   9.4208333e+00   4.2672000e-02
   9.4250000e+00   4.2672000e-02
   9.4291667e+00   4.8768000e-02
   9.4333333e+00   5.7912000e-02
   9.4375000e+00   7.0104000e-02
   9.4416667e+00   8.2296000e-02
   9.4458333e+00   9.7536000e-02
   9.4500000e+00   1.1887200e-01
   9.4541667e+00   1.3106400e-01
   9.4583333e+00   1.5240000e-01
   9.4625000e+00   1.7068800e-01
   9.4666667e+00   1.9202400e-01
   9.4708333e+00   2.1640800e-01
   9.4750000e+00   2.3774400e-01
   9.4791667e+00   2.5603200e-01
   9.4833333e+00   2.7736800e-01
   9.4875000e+00   2.9260800e-01
   9.4916667e+00   3.0480000e-01
   9.4958333e+00   3.2308800e-01
   9.5000000e+00   3.3832800e-01
   9.5041667e+00   3.5356800e-01
   9.5083333e+00   3.7185600e-01
   9.5125000e+00   3.8709600e-01
   9.5166667e+00   4.0233600e-01
   9.5208333e+00   4.1757600e-01
   9.5250000e+00   4.2976800e-01
   9.5291667e+00   4.4805600e-01
   9.5333333e+00   4.6329600e-01
   9.5375000e+00   4.7853600e-01
   9.5416667e+00   4.9377600e-01
   9.5458333e+00   5.0901600e-01
   9.5500000e+00   5.2425600e-01
   9.5541667e+00   5.3644800e-01
   9.5583333e+00   5.5168800e-01
   9.5625000e+00   5.6692800e-01
   9.5666667e+00   5.7912000e-01
   9.5708333e+00   5.9131200e-01
   9.5750000e+00   6.0350400e-01
   9.5791667e+00   6.0960000e-01
   9.5833333e+00   6.1874400e-01
   9.5875000e+00   6.3093600e-01
   9.5916667e+00   6.3703200e-01
   9.5958333e+00   6.4922400e-01
   9.6000000e+00   6.6141600e-01
   9.6041667e+00   6.6751200e-01
   9.6083333e+00   6.7970400e-01
   9.6125000e+00   6.8884800e-01
   9.6166667e+00   6.9494400e-01
   9.6208333e+00   7.0408800e-01
   9.6250000e+00   7.0713600e-01
   9.6291667e+00   7.1018400e-01
   9.6333333e+00   7.1323200e-01
   9.6375000e+00   7.1323200e-01
   9.6416667e+00   7.1628000e-01
   9.6458333e+00   7.1628000e-01
   9.6500000e+00   7.1628000e-01
   9.6541667e+00   7.1628000e-01
   9.6583333e+00   7.1628000e-01
   9.6625000e+00   7.1628000e-01
   9.6666667e+00   7.1323200e-01
   9.6708333e+00   7.1018400e-01
   9.6750000e+00   7.0713600e-01
   9.6791667e+00   7.0104000e-01
   9.6833333e+00   6.9494400e-01
   9.6875000e+00   6.8884800e-01
   9.6916667e+00   6.8275200e-01
   9.6958333e+00   6.7360800e-01
   9.7000000e+00   6.6141600e-01
   9.7041667e+00   6.4312800e-01
   9.7083333e+00   6.2179200e-01
   9.7125000e+00   6.0350400e-01
   9.7166667e+00   5.8521600e-01
   9.7208333e+00   5.6083200e-01
   9.7250000e+00   5.4254400e-01
   9.7291667e+00   5.2120800e-01
   9.7333333e+00   5.0596800e-01
   9.7375000e+00   4.9072800e-01
   9.7416667e+00   4.7853600e-01
   9.7458333e+00   4.6634400e-01
   9.7500000e+00   4.5720000e-01
   9.7541667e+00   4.4196000e-01
   9.7583333e+00   4.3281600e-01
   9.7625000e+00   4.2367200e-01
   9.7666667e+00   4.1757600e-01
   9.7708333e+00   4.1148000e-01
   9.7750000e+00   4.0233600e-01
   9.7791667e+00   3.9319200e-01
   9.7833333e+00   3.8404800e-01
   9.7875000e+00   3.7795200e-01
   9.7916667e+00   3.6271200e-01
   9.7958333e+00   3.4747200e-01
   9.8000000e+00   3.3832800e-01
   9.8041667e+00   3.2004000e-01
   9.8083333e+00   3.0480000e-01
   9.8125000e+00   2.8956000e-01
   9.8166667e+00   2.7432000e-01
   9.8208333e+00   2.5908000e-01
   9.8250000e+00   2.4079200e-01
   9.8291667e+00   2.2860000e-01
   9.8333333e+00   2.1336000e-01
   9.8375000e+00   1.9812000e-01
   9.8416667e+00   1.8592800e-01
   9.8458333e+00   1.7373600e-01
   9.8500000e+00   1.6459200e-01
   9.8541667e+00   1.4935200e-01
   9.8583333e+00   1.4020800e-01
   9.8625000e+00   1.2801600e-01
   9.8666667e+00   1.0972800e-01
   9.8708333e+00   1.0363200e-01
   9.8750000e+00   9.1440000e-02
   9.8791667e+00   8.2296000e-02
   9.8833333e+00   7.0104000e-02
   9.8875000e+00   6.0960000e-02
   9.8916667e+00   4.8768000e-02
   9.8958333e+00   3.9624000e-02
   9.9000000e+00   3.0480000e-02
   9.9041667e+00   2.4384000e-02
   9.9083333e+00   1.8288000e-02
   9.9125000e+00   1.2192000e-02
   9.9166667e+00   9.1440000e-03
   9.9208333e+00   3.0480000e-03
   9.9250000e+00   0.0000000e+00
   9.9291667e+00  -6.0960000e-03
   9.9333333e+00  -9.1440000e-03
   9.9375000e+00  -1.5240000e-02
   9.9416667e+00  -1.5240000e-02
   9.9458333e+00  -1.8288000e-02
   9.9500000e+00  -1.8288000e-02
   9.9541667e+00  -1.8288000e-02
   9.9583333e+00  -1.8288000e-02
   9.9625000e+00  -1.8288000e-02
   9.9666667e+00  -1.5240000e-02
   9.9708333e+00  -1.2192000e-02
   9.9750000e+00  -9.1440000e-03
   9.9791667e+00  -3.0480000e-03
   9.9833333e+00   6.0960000e-03
   9.9875000e+00   1.2192000e-02
   9.9916667e+00   2.1336000e-02
   9.9958333e+00   3.9624000e-02
   1.0000000e+01   5.1816000e-02
   1.0004167e+01   6.4008000e-02
   1.0008333e+01   8.2296000e-02
   1.0012500e+01   9.7536000e-02
   1.0016667e+01   1.1582400e-01
   1.0020833e+01   1.3716000e-01
   1.0025000e+01   1.5544800e-01
   1.0029167e+01   1.7373600e-01
   1.0033333e+01   1.8897600e-01
   1.0037500e+01   2.0726400e-01
   1.0041667e+01   2.2250400e-01
   1.0045833e+01   2.4079200e-01
   1.0050000e+01   2.5298400e-01
   1.0054167e+01   2.6822400e-01
   1.0058333e+01   2.8041600e-01
   1.0062500e+01   2.9260800e-01
   1.0066667e+01   3.0480000e-01
   1.0070833e+01   3.1699200e-01
   1.0075000e+01   3.2613600e-01
   1.0079167e+01   3.4137600e-01
   1.0083333e+01   3.5661600e-01
   1.0087500e+01   3.6576000e-01
   1.0091667e+01   3.7795200e-01
   1.0095833e+01   3.8709600e-01
   1.0100000e+01   3.9624000e-01
   1.0104167e+01   4.0843200e-01
   1.0108333e+01   4.1148000e-01
   1.0112500e+01   4.2062400e-01
   1.0116667e+01   4.2672000e-01
   1.0120833e+01   4.3891200e-01
   1.0125000e+01   4.3891200e-01
   1.0129167e+01   4.4500800e-01
   1.0133333e+01   4.5110400e-01
   1.0137500e+01   4.5415200e-01
   1.0141667e+01   4.6024800e-01
   1.0145833e+01   4.6024800e-01
   1.0150000e+01   4.6329600e-01
   1.0154167e+01   4.6329600e-01
   1.0158333e+01   4.6634400e-01
   1.0162500e+01   4.6634400e-01
   1.0166667e+01   4.6634400e-01
   1.0170833e+01   4.6634400e-01
   1.0175000e+01   4.6634400e-01
   1.0179167e+01   4.6634400e-01
   1.0183333e+01   4.7548800e-01
   1.0187500e+01   4.6329600e-01
   1.0191667e+01   4.5720000e-01
   1.0195833e+01   4.4805600e-01
   1.0200000e+01   4.3891200e-01
   1.0204167e+01   4.2672000e-01
   1.0208333e+01   4.1148000e-01
   1.0212500e+01   3.9624000e-01
   1.0216667e+01   3.7795200e-01
   1.0220833e+01   3.5966400e-01
   1.0225000e+01   3.4137600e-01
   1.0229167e+01   3.2308800e-01
   1.0233333e+01   3.0784800e-01
   1.0237500e+01   2.9260800e-01
   1.0241667e+01   2.7736800e-01
   1.0245833e+01   2.6822400e-01
   1.0250000e+01   2.5603200e-01
   1.0254167e+01   2.4993600e-01
   1.0258333e+01   2.4079200e-01
   1.0262500e+01   2.3469600e-01
   1.0266667e+01   2.2555200e-01
   1.0270833e+01   2.1640800e-01
   1.0275000e+01   2.0726400e-01
   1.0279167e+01   1.9812000e-01
   1.0283333e+01   1.8592800e-01
   1.0287500e+01   1.7373600e-01
   1.0291667e+01   1.6459200e-01
   1.0295833e+01   1.5240000e-01
   1.0300000e+01   1.4020800e-01
   1.0304167e+01   1.2801600e-01
   1.0308333e+01   1.1582400e-01
   1.0312500e+01   1.0363200e-01
   1.0316667e+01   9.4488000e-02
   1.0320833e+01   8.2296000e-02
   1.0325000e+01   7.0104000e-02
   1.0329167e+01   5.7912000e-02
   1.0333333e+01   4.8768000e-02
   1.0337500e+01   3.3528000e-02
   1.0341667e+01   2.1336000e-02
   1.0345833e+01   9.1440000e-03
   1.0350000e+01   0.0000000e+00
   1.0354167e+01  -1.2192000e-02
   1.0358333e+01  -2.1336000e-02
   1.0362500e+01  -3.0480000e-02
   1.0366667e+01  -3.9624000e-02
   1.0370833e+01  -4.8768000e-02
   1.0375000e+01  -5.7912000e-02
   1.0379167e+01  -6.7056000e-02
   1.0383333e+01  -7.6200000e-02
   1.0387500e+01  -8.5344000e-02
   1.0391667e+01  -8.8392000e-02
   1.0395833e+01  -9.7536000e-02
   1.0400000e+01  -1.0363200e-01
   1.0404167e+01  -1.0668000e-01
   1.0408333e+01  -1.1277600e-01
   1.0412500e+01  -1.1582400e-01
   1.0416667e+01  -1.2192000e-01
   1.0420833e+01  -1.2496800e-01
   1.0425000e+01  -1.2801600e-01
   1.0429167e+01  -1.3106400e-01
   1.0433333e+01  -1.3106400e-01
   1.0437500e+01  -1.3106400e-01
   1.0441667e+01  -1.2801600e-01
   1.0445833e+01  -1.2496800e-01
   1.0450000e+01  -1.1277600e-01
   1.0454167e+01  -1.0363200e-01
   1.0458333e+01  -9.7536000e-02
   1.0462500e+01  -8.8392000e-02
   1.0466667e+01  -7.9248000e-02
   1.0470833e+01  -7.0104000e-02
   1.0475000e+01  -5.7912000e-02
   1.0479167e+01  -4.2672000e-02
   1.0483333e+01  -2.7432000e-02
   1.0487500e+01  -1.2192000e-02
   1.0491667e+01   6.0960000e-03
   1.0495833e+01   2.4384000e-02
   1.0500000e+01   4.5720000e-02
   1.0504167e+01   6.4008000e-02
   1.0508333e+01   8.5344000e-02
   1.0512500e+01   1.0363200e-01
   1.0516667e+01   1.2496800e-01
   1.0520833e+01   1.4020800e-01
   1.0525000e+01   1.5544800e-01
   1.0529167e+01   1.6764000e-01
   1.0533333e+01   1.8288000e-01
   1.0537500e+01   1.9507200e-01
   1.0541667e+01   2.1031200e-01
   1.0545833e+01   2.2555200e-01
   1.0550000e+01   2.4079200e-01
   1.0554167e+01   2.5908000e-01
   1.0558333e+01   2.7736800e-01
   1.0562500e+01   2.9260800e-01
   1.0566667e+01   3.1089600e-01
   1.0570833e+01   3.2613600e-01
   1.0575000e+01   3.4137600e-01
   1.0579167e+01   3.5661600e-01
   1.0583333e+01   3.7185600e-01
   1.0587500e+01   3.8709600e-01
   1.0591667e+01   3.9928800e-01
   1.0595833e+01   4.1452800e-01
   1.0600000e+01   4.2672000e-01
   1.0604167e+01   4.3891200e-01
   1.0608333e+01   4.5110400e-01
   1.0612500e+01   4.6329600e-01
   1.0616667e+01   4.7548800e-01
   1.0620833e+01   4.8768000e-01
   1.0625000e+01   4.9682400e-01
   1.0629167e+01   5.0292000e-01
   1.0633333e+01   5.1206400e-01
   1.0637500e+01   5.2120800e-01
   1.0641667e+01   5.2425600e-01
   1.0645833e+01   5.3644800e-01
   1.0650000e+01   5.3949600e-01
   1.0654167e+01   5.4254400e-01
   1.0658333e+01   5.4559200e-01
   1.0662500e+01   5.4559200e-01
   1.0666667e+01   5.4864000e-01
   1.0670833e+01   5.4864000e-01
   1.0675000e+01   5.4864000e-01
   1.0679167e+01   5.5168800e-01
   1.0683333e+01   5.5473600e-01
   1.0687500e+01   5.5473600e-01
   1.0691667e+01   5.5778400e-01
   1.0695833e+01   5.5473600e-01
   1.0700000e+01   5.5168800e-01
   1.0704167e+01   5.4864000e-01
   1.0708333e+01   5.4254400e-01
   1.0712500e+01   5.3949600e-01
   1.0716667e+01   5.3644800e-01
   1.0720833e+01   5.3035200e-01
   1.0725000e+01   5.2425600e-01
   1.0729167e+01   5.1511200e-01
   1.0733333e+01   4.9987200e-01
   1.0737500e+01   4.8463200e-01
   1.0741667e+01   4.6634400e-01
   1.0745833e+01   4.4500800e-01
   1.0750000e+01   4.2672000e-01
   1.0754167e+01   4.0843200e-01
   1.0758333e+01   3.9014400e-01
   1.0762500e+01   3.7185600e-01
   1.0766667e+01   3.5966400e-01
   1.0770833e+01   3.5052000e-01
   1.0775000e+01   3.4137600e-01
   1.0779167e+01   3.2918400e-01
   1.0783333e+01   3.1699200e-01
   1.0787500e+01   3.0784800e-01
   1.0791667e+01   2.8956000e-01
   1.0795833e+01   2.6822400e-01
   1.0800000e+01   2.6212800e-01
   1.0804167e+01   2.4688800e-01
   1.0808333e+01   2.3164800e-01
   1.0812500e+01   2.2555200e-01
   1.0816667e+01   2.1640800e-01
   1.0820833e+01   2.0726400e-01
   1.0825000e+01   1.9812000e-01
   1.0829167e+01   1.8897600e-01
   1.0833333e+01   1.7678400e-01
   1.0837500e+01   1.6764000e-01
   1.0841667e+01   1.6154400e-01
   1.0845833e+01   1.4630400e-01
   1.0850000e+01   1.3716000e-01
   1.0854167e+01   1.2496800e-01
   1.0858333e+01   1.0363200e-01
   1.0862500e+01   9.4488000e-02
   1.0866667e+01   7.6200000e-02
   1.0870833e+01   6.0960000e-02
   1.0875000e+01   5.1816000e-02
   1.0879167e+01   3.9624000e-02
   1.0883333e+01   2.4384000e-02
   1.0887500e+01   9.1440000e-03
   1.0891667e+01   0.0000000e+00
   1.0895833e+01  -9.1440000e-03
   1.0900000e+01  -1.5240000e-02
   1.0904167e+01  -2.7432000e-02
   1.0908333e+01  -3.6576000e-02
   1.0912500e+01  -5.1816000e-02
   1.0916667e+01  -6.7056000e-02
   1.0920833e+01  -7.6200000e-02
   1.0925000e+01  -8.2296000e-02
   1.0929167e+01  -8.2296000e-02
   1.0933333e+01  -8.8392000e-02
   1.0937500e+01  -8.8392000e-02
   1.0941667e+01  -9.1440000e-02
   1.0945833e+01  -9.7536000e-02
   1.0950000e+01  -1.0363200e-01
   1.0954167e+01  -1.0668000e-01
   1.0958333e+01  -1.0972800e-01
   1.0962500e+01  -1.0972800e-01
   1.0966667e+01  -1.0972800e-01
   1.0970833e+01  -1.0668000e-01
   1.0975000e+01  -1.0972800e-01
   1.0979167e+01  -1.0668000e-01
   1.0983333e+01  -1.0668000e-01
   1.0987500e+01  -9.7536000e-02
   1.0991667e+01  -9.7536000e-02
   1.0995833e+01  -8.8392000e-02
   1.1000000e+01  -8.5344000e-02
   1.1004167e+01  -7.6200000e-02
   1.1008333e+01  -6.4008000e-02
   1.1012500e+01  -5.1816000e-02
   1.1016667e+01  -4.2672000e-02
   1.1020833e+01  -3.0480000e-02
   1.1025000e+01  -1.8288000e-02
   1.1029167e+01  -3.0480000e-03
   1.1033333e+01   1.2192000e-02
   1.1037500e+01   3.0480000e-02
   1.1041667e+01   4.5720000e-02
   1.1045833e+01   6.0960000e-02
   1.1050000e+01   7.9248000e-02
   1.1054167e+01   9.4488000e-02
   1.1058333e+01   1.0972800e-01
   1.1062500e+01   1.2496800e-01
   1.1066667e+01   1.4020800e-01
   1.1070833e+01   1.5240000e-01
   1.1075000e+01   1.6459200e-01
   1.1079167e+01   1.7373600e-01
   1.1083333e+01   1.8592800e-01
   1.1087500e+01   1.9812000e-01
   1.1091667e+01   2.0421600e-01
   1.1095833e+01   2.1640800e-01
   1.1100000e+01   2.1945600e-01
   1.1104167e+01   2.2860000e-01
   1.1108333e+01   2.3774400e-01
   1.1112500e+01   2.4384000e-01
   1.1116667e+01   2.5298400e-01
   1.1120833e+01   2.6212800e-01
   1.1125000e+01   2.6822400e-01
   1.1129167e+01   2.7736800e-01
   1.1133333e+01   2.8651200e-01
   1.1137500e+01   2.9565600e-01
   1.1141667e+01   3.0175200e-01
   1.1145833e+01   3.0784800e-01
   1.1150000e+01   3.1394400e-01
   1.1154167e+01   3.1699200e-01
   1.1158333e+01   3.2004000e-01
   1.1162500e+01   3.2004000e-01
   1.1166667e+01   3.2613600e-01
   1.1170833e+01   3.2613600e-01
   1.1175000e+01   3.3223200e-01
   1.1179167e+01   3.3832800e-01
   1.1183333e+01   3.4442400e-01
   1.1187500e+01   3.5052000e-01
   1.1191667e+01   3.5661600e-01
   1.1195833e+01   3.6271200e-01
   1.1200000e+01   3.6271200e-01
   1.1204167e+01   3.6271200e-01
   1.1208333e+01   3.5966400e-01
   1.1212500e+01   3.5356800e-01
   1.1216667e+01   3.4747200e-01
   1.1220833e+01   3.4137600e-01
   1.1225000e+01   3.3528000e-01
   1.1229167e+01   3.2613600e-01
   1.1233333e+01   3.1699200e-01
   1.1237500e+01   3.0175200e-01
   1.1241667e+01   2.8956000e-01
   1.1245833e+01   2.7127200e-01
   1.1250000e+01   2.5298400e-01
   1.1254167e+01   2.3164800e-01
   1.1258333e+01   2.1031200e-01
   1.1262500e+01   1.9202400e-01
   1.1266667e+01   1.7678400e-01
   1.1270833e+01   1.6459200e-01
   1.1275000e+01   1.5240000e-01
   1.1279167e+01   1.4325600e-01
   1.1283333e+01   1.3411200e-01
   1.1287500e+01   1.2192000e-01
   1.1291667e+01   1.1277600e-01
   1.1295833e+01   1.0363200e-01
   1.1300000e+01   9.7536000e-02
   1.1304167e+01   8.8392000e-02
   1.1308333e+01   7.9248000e-02
   1.1312500e+01   7.0104000e-02
   1.1316667e+01   5.7912000e-02
   1.1320833e+01   4.5720000e-02
   1.1325000e+01   3.3528000e-02
   1.1329167e+01   2.1336000e-02
   1.1333333e+01   9.1440000e-03
   1.1337500e+01   0.0000000e+00
   1.1341667e+01  -1.2192000e-02
   1.1345833e+01  -2.4384000e-02
   1.1350000e+01  -3.3528000e-02
   1.1354167e+01  -4.5720000e-02
   1.1358333e+01  -5.7912000e-02
   1.1362500e+01  -6.7056000e-02
   1.1366667e+01  -7.6200000e-02
   1.1370833e+01  -8.5344000e-02
   1.1375000e+01  -9.4488000e-02
   1.1379167e+01  -1.0058400e-01
   1.1383333e+01  -1.0972800e-01
   1.1387500e+01  -1.2192000e-01
   1.1391667e+01  -1.3106400e-01
   1.1395833e+01  -1.4020800e-01
   1.1400000e+01  -1.4630400e-01
   1.1404167e+01  -1.5544800e-01
   1.1408333e+01  -1.6154400e-01
   1.1412500e+01  -1.6764000e-01
   1.1416667e+01  -1.7678400e-01
   1.1420833e+01  -1.8592800e-01
   1.1425000e+01  -1.9507200e-01
   1.1429167e+01  -2.0116800e-01
   1.1433333e+01  -2.0726400e-01
   1.1437500e+01  -2.1031200e-01
   1.1441667e+01  -2.1336000e-01
   1.1445833e+01  -2.1640800e-01
   1.1450000e+01  -2.1640800e-01
   1.1454167e+01  -2.1945600e-01
   1.1458333e+01  -2.1945600e-01
   1.1462500e+01  -2.1945600e-01
   1.1466667e+01  -2.1945600e-01
   1.1470833e+01  -2.1640800e-01
   1.1475000e+01  -2.1031200e-01
   1.1479167e+01  -2.0421600e-01
   1.1483333e+01  -1.8897600e-01
   1.1487500e+01  -1.7373600e-01
   1.1491667e+01  -1.5849600e-01
   1.1495833e+01  -1.4020800e-01
   1.1500000e+01  -1.2192000e-01
   1.1504167e+01  -1.0363200e-01
   1.1508333e+01  -8.2296000e-02
   1.1512500e+01  -6.0960000e-02
   1.1516667e+01  -3.9624000e-02
   1.1520833e+01  -2.1336000e-02
   1.1525000e+01   0.0000000e+00
   1.1529167e+01   1.5240000e-02
   1.1533333e+01   3.0480000e-02
   1.1537500e+01   4.5720000e-02
   1.1541667e+01   6.4008000e-02
   1.1545833e+01   8.2296000e-02
   1.1550000e+01   9.4488000e-02
   1.1554167e+01   1.0972800e-01
   1.1558333e+01   1.1887200e-01
   1.1562500e+01   1.2801600e-01
   1.1566667e+01   1.4325600e-01
   1.1570833e+01   1.5544800e-01
   1.1575000e+01   1.6764000e-01
   1.1579167e+01   1.9202400e-01
   1.1583333e+01   2.0726400e-01
   1.1587500e+01   2.2250400e-01
   1.1591667e+01   2.4384000e-01
   1.1595833e+01   2.5908000e-01
   1.1600000e+01   2.7432000e-01
   1.1604167e+01   2.9565600e-01
   1.1608333e+01   3.1089600e-01
   1.1612500e+01   3.2308800e-01
   1.1616667e+01   3.4137600e-01
   1.1620833e+01   3.5661600e-01
   1.1625000e+01   3.7185600e-01
   1.1629167e+01   3.8709600e-01
   1.1633333e+01   4.0233600e-01
   1.1637500e+01   4.2062400e-01
   1.1641667e+01   4.2976800e-01
   1.1645833e+01   4.4196000e-01
   1.1650000e+01   4.5415200e-01
   1.1654167e+01   4.6329600e-01
   1.1658333e+01   4.7244000e-01
   1.1662500e+01   4.8768000e-01
   1.1666667e+01   4.9987200e-01
   1.1670833e+01   5.1206400e-01
   1.1675000e+01   5.2120800e-01
   1.1679167e+01   5.2425600e-01
   1.1683333e+01   5.3035200e-01
   1.1687500e+01   5.4254400e-01
   1.1691667e+01   5.4254400e-01
   1.1695833e+01   5.4864000e-01
   1.1700000e+01   5.4864000e-01
   1.1704167e+01   5.5168800e-01
   1.1708333e+01   5.5473600e-01
   1.1712500e+01   5.6083200e-01
   1.1716667e+01   5.5778400e-01
   1.1720833e+01   5.6083200e-01
   1.1725000e+01   5.5473600e-01
   1.1729167e+01   5.5778400e-01
   1.1733333e+01   5.5473600e-01
   1.1737500e+01   5.5168800e-01
   1.1741667e+01   5.4559200e-01
   1.1745833e+01   5.3949600e-01
   1.1750000e+01   5.3644800e-01
   1.1754167e+01   5.2425600e-01
   1.1758333e+01   5.1511200e-01
   1.1762500e+01   5.0596800e-01
   1.1766667e+01   4.9072800e-01
   1.1770833e+01   4.7244000e-01
   1.1775000e+01   4.5720000e-01
   1.1779167e+01   4.3586400e-01
   1.1783333e+01   4.1452800e-01
   1.1787500e+01   3.9624000e-01
   1.1791667e+01   3.8100000e-01
   1.1795833e+01   3.6271200e-01
   1.1800000e+01   3.4442400e-01
   1.1804167e+01   3.3223200e-01
   1.1808333e+01   3.2004000e-01
   1.1812500e+01   3.0480000e-01
   1.1816667e+01   2.9260800e-01
   1.1820833e+01   2.8346400e-01
   1.1825000e+01   2.7736800e-01
   1.1829167e+01   2.6517600e-01
   1.1833333e+01   2.5603200e-01
   1.1837500e+01   2.4688800e-01
   1.1841667e+01   2.3469600e-01
   1.1845833e+01   2.2555200e-01
   1.1850000e+01   2.1640800e-01
   1.1854167e+01   2.0116800e-01
   1.1858333e+01   1.9202400e-01
   1.1862500e+01   1.7983200e-01
   1.1866667e+01   1.6459200e-01
   1.1870833e+01   1.5240000e-01
   1.1875000e+01   1.3716000e-01
   1.1879167e+01   1.2801600e-01
   1.1883333e+01   1.1277600e-01
   1.1887500e+01   1.0363200e-01
   1.1891667e+01   9.4488000e-02
   1.1895833e+01   8.2296000e-02
   1.1900000e+01   7.0104000e-02
   1.1904167e+01   5.7912000e-02
   1.1908333e+01   4.5720000e-02
   1.1912500e+01   3.6576000e-02
   1.1916667e+01   2.7432000e-02
   1.1920833e+01   1.8288000e-02
   1.1925000e+01   9.1440000e-03
   1.1929167e+01  -3.0480000e-03
   1.1933333e+01  -1.2192000e-02
   1.1937500e+01  -2.1336000e-02
   1.1941667e+01  -3.0480000e-02
   1.1945833e+01  -3.9624000e-02
   1.1950000e+01  -4.5720000e-02
   1.1954167e+01  -5.1816000e-02
   1.1958333e+01  -5.7912000e-02
   1.1962500e+01  -6.4008000e-02
   1.1966667e+01  -6.7056000e-02
   1.1970833e+01  -7.3152000e-02
   1.1975000e+01  -7.9248000e-02
   1.1979167e+01  -8.2296000e-02
   1.1983333e+01  -8.8392000e-02
   1.1987500e+01  -9.4488000e-02
   1.1991667e+01  -1.0058400e-01
   1.1995833e+01  -1.0363200e-01
   1.2000000e+01  -1.0972800e-01
   1.2004167e+01  -1.0972800e-01
   1.2008333e+01  -1.1277600e-01
   1.2012500e+01  -1.1277600e-01
   1.2016667e+01  -1.1277600e-01
   1.2020833e+01  -1.1582400e-01
   1.2025000e+01  -1.1582400e-01
   1.2029167e+01  -1.1582400e-01
   1.2033333e+01  -1.1277600e-01
   1.2037500e+01  -1.0972800e-01
   1.2041667e+01  -1.0668000e-01
   1.2045833e+01  -9.7536000e-02
   1.2050000e+01  -8.8392000e-02
   1.2054167e+01  -7.9248000e-02
   1.2058333e+01  -6.4008000e-02
   1.2062500e+01  -4.8768000e-02
   1.2066667e+01  -3.3528000e-02
   1.2070833e+01  -1.2192000e-02
   1.2075000e+01   6.0960000e-03
   1.2079167e+01   2.4384000e-02
   1.2083333e+01   4.2672000e-02
   1.2087500e+01   6.4008000e-02
   1.2091667e+01   7.9248000e-02
   1.2095833e+01   9.7536000e-02
   1.2100000e+01   1.1277600e-01
   1.2104167e+01   1.2496800e-01
   1.2108333e+01   1.4020800e-01
   1.2112500e+01   1.5544800e-01
   1.2116667e+01   1.6459200e-01
   1.2120833e+01   1.7983200e-01
   1.2125000e+01   1.8897600e-01
   1.2129167e+01   2.0116800e-01
   1.2133333e+01   2.1031200e-01
   1.2137500e+01   2.2250400e-01
   1.2141667e+01   2.3469600e-01
   1.2145833e+01   2.4993600e-01
   1.2150000e+01   2.6517600e-01
   1.2154167e+01   2.7432000e-01
   1.2158333e+01   2.8346400e-01
   1.2162500e+01   2.9565600e-01
   1.2166667e+01   3.0480000e-01
   1.2170833e+01   3.1394400e-01
   1.2175000e+01   3.2004000e-01
   1.2179167e+01   3.2918400e-01
   1.2183333e+01   3.3223200e-01
   1.2187500e+01   3.3832800e-01
   1.2191667e+01   3.4137600e-01
   1.2195833e+01   3.4442400e-01
   1.2200000e+01   3.4747200e-01
   1.2204167e+01   3.5052000e-01
