WIND
 2880
      0.00       0.97       1.04
    360.00       1.86       2.09
    720.00       1.88       2.22
   1080.00       1.88       2.36
   1440.00       1.91       2.47
   1800.00       1.91       2.59
   2160.00       1.91       2.66
   2520.00       1.91       2.84
   2880.00       1.91       3.00
   3240.00       1.91       3.07
   3600.00       1.93       3.16
   3960.00       2.21       3.25
   4320.00       2.49       3.32
   4680.00       2.49       3.34
   5040.00       2.49       3.34
   5400.00       2.49       3.34
   5760.00       2.49       3.34
   6120.00       2.32       3.35
   6480.00       1.91       3.35
   6840.00       1.87       3.39
   7200.00       1.87       3.39
   7560.00       1.87       3.37
   7920.00       1.87       3.32
   8280.00       1.87       3.32
   8640.00       2.11       3.41
   9000.00       2.23       3.52
   9360.00       2.25       3.52
   9720.00       2.43       3.52
  10080.00       2.60       3.56
  10440.00       2.60       3.58
  10800.00       2.60       3.63
  11160.00       2.60       3.67
  11520.00       2.60       3.67
  11880.00       2.60       3.63
  12240.00       2.60       3.55
  12600.00       2.54       3.46
  12960.00       2.47       3.42
  13320.00       2.47       3.30
  13680.00       2.41       3.14
  14040.00       2.40       3.14
  14400.00       2.37       2.97
  14760.00       2.25       2.89
  15120.00       2.19       2.85
  15480.00       1.99       2.83
  15840.00       1.88       2.75
  16200.00       1.60       2.75
  16560.00       1.38       2.52
  16920.00       1.38       2.31
  17280.00       1.38       2.25
  17640.00       1.38       2.17
  18000.00       1.38       2.01
  18360.00       1.55       1.86
  18720.00       1.69       1.74
  19080.00       1.72       1.67
  19440.00       1.74       1.67
  19800.00       1.75       1.67
  20160.00       1.77       1.67
  20520.00       1.90       1.67
  20880.00       1.92       1.81
  21240.00       2.03       2.00
  21600.00       2.10       2.07
  21960.00       2.13       2.13
  22320.00       2.28       2.19
  22680.00       2.44       2.19
  23040.00       2.47       2.19
  23400.00       2.47       2.19
  23760.00       2.47       2.19
  24120.00       2.47       2.13
  24480.00       2.47       1.97
  24840.00       2.43       1.81
  25200.00       2.28       1.79
  25560.00       2.07       1.79
  25920.00       1.62       1.78
  26280.00       1.39       1.78
  26640.00       1.32       1.79
  27000.00       1.23       1.74
  27360.00       1.23       1.69
  27720.00       1.23       1.66
  28080.00       1.28       1.69
  28440.00       1.29       1.75
  28800.00       1.36       1.82
  29160.00       1.42       1.92
  29520.00       1.49       2.02
  29880.00       1.53       2.02
  30240.00       1.56       2.02
  30600.00       1.66       2.02
  30960.00       1.64       2.02
  31320.00       1.67       2.02
  31680.00       1.67       1.91
  32040.00       1.67       1.91
  32400.00       1.67       1.91
  32760.00       1.59       1.91
  33120.00       1.54       1.93
  33480.00       1.54       1.93
  33840.00       1.59       2.68
  34200.00       1.59       3.36
  34560.00       1.59       3.36
  34920.00       1.59       3.39
  35280.00       1.63       3.43
  35640.00       1.67       3.49
  36000.00       1.72       3.49
  36360.00       1.73       3.51
  36720.00       1.79       3.55
  37080.00       1.88       3.58
  37440.00       1.88       3.67
  37800.00       1.79       3.67
  38160.00       1.88       3.78
  38520.00       1.92       3.84
  38880.00       1.92       3.88
  39240.00       1.82       3.99
  39600.00       1.79       3.99
  39960.00       1.87       3.99
  40320.00       1.85       3.90
  40680.00       1.83       3.87
  41040.00       1.83       3.87
  41400.00       1.83       3.81
  41760.00       1.80       3.64
  42120.00       1.80       3.31
  42480.00       1.83       3.14
  42840.00       1.85       3.00
  43200.00       1.86       2.78
  43560.00       1.86       2.78
  43920.00       1.87       2.75
  44280.00       1.98       2.75
  44640.00       2.10       2.87
  45000.00       2.20       2.87
  45360.00       2.33       2.92
  45720.00       2.33       2.95
  46080.00       2.33       2.92
  46440.00       2.39       2.95
  46800.00       2.51       2.95
  47160.00       2.53       2.95
  47520.00       2.65       2.97
  47880.00       2.65       2.97
  48240.00       2.65       3.10
  48600.00       2.54       3.10
  48960.00       2.54       3.23
  49320.00       2.63       3.23
  49680.00       2.63       3.27
  50040.00       2.52       3.25
  50400.00       2.40       3.25
  50760.00       2.37       3.23
  51120.00       2.37       3.23
  51480.00       2.37       3.10
  51840.00       2.38       2.74
  52200.00       2.38       2.74
  52560.00       2.38       2.74
  52920.00       2.38       2.49
  53280.00       2.56       2.41
  53640.00       2.73       2.26
  54000.00       2.73       2.26
  54360.00       2.73       2.33
  54720.00       2.73       2.48
  55080.00       2.90       2.33
  55440.00       2.90       2.48
  55800.00       3.13       2.33
  56160.00       3.55       2.33
  56520.00       3.27       2.35
  56880.00       3.24       2.35
  57240.00       3.24       2.68
  57600.00       3.24       2.40
  57960.00       3.24       2.27
  58320.00       3.24       2.27
  58680.00       3.06       2.48
  59040.00       2.58       2.48
  59400.00       2.31       2.63
  59760.00       2.31       2.63
  60120.00       2.26       2.67
  60480.00       2.26       3.02
  60840.00       2.26       3.02
  61200.00       2.09       3.35
  61560.00       2.09       3.39
  61920.00       2.09       3.39
  62280.00       1.86       3.39
  62640.00       1.86       3.35
  63000.00       1.35       3.05
  63360.00       0.46       1.45
  63720.00       0.06      -0.46
  64080.00      -0.50      -1.89
  64440.00      -1.07      -2.29
  64800.00      -1.07      -2.29
  65160.00      -1.13      -2.89
  65520.00      -1.15      -3.10
  65880.00      -1.34      -3.10
  66240.00      -1.58      -3.12
  66600.00      -1.72      -3.47
  66960.00      -1.98      -3.47
  67320.00      -1.98      -3.47
  67680.00      -1.88      -3.48
  68040.00      -1.83      -3.54
  68400.00      -1.85      -3.54
  68760.00      -2.00      -3.21
  69120.00      -2.00      -3.16
  69480.00      -2.00      -3.08
  69840.00      -1.72      -3.08
  70200.00      -1.57      -3.08
  70560.00      -1.52      -3.08
  70920.00      -1.45      -3.08
  71280.00      -1.45      -2.96
  71640.00      -1.45      -2.85
  72000.00      -1.28      -2.64
  72360.00      -1.11      -2.21
  72720.00      -0.80      -1.44
  73080.00      -0.47      -0.93
  73440.00       0.16      -0.61
  73800.00       0.90      -0.28
  74160.00       1.24       0.35
  74520.00       1.32       2.04
  74880.00       1.42       3.24
  75240.00       1.64       3.46
  75600.00       1.87       3.61
  75960.00       1.87       3.64
  76320.00       1.85       3.82
  76680.00       1.62       3.81
  77040.00       1.62       3.81
  77400.00       1.62       3.81
  77760.00       1.46       3.85
  78120.00       1.36       3.70
  78480.00       1.21       3.64
  78840.00       1.16       3.42
  79200.00       1.16       3.28
  79560.00       1.16       3.03
  79920.00       1.06       2.71
  80280.00       0.96       2.56
  80640.00       0.89       2.71
  81000.00       0.84       2.72
  81360.00       0.76       2.72
  81720.00       0.69       2.72
  82080.00       0.41       2.87
  82440.00       0.19       2.94
  82800.00       0.14       2.94
  83160.00       0.01       3.07
  83520.00       0.01       3.19
  83880.00       0.01       3.33
  84240.00      -0.07       3.33
  84600.00      -0.07       3.36
  84960.00      -0.07       3.46
  85320.00       0.02       3.46
  85680.00       0.02       3.54
  86040.00       0.15       3.65
  86400.00       0.23       3.74
  86760.00       0.28       3.88
  87120.00       0.28       3.88
  87480.00       0.26       4.03
  87840.00       0.34       4.12
  88200.00       0.41       4.19
  88560.00       0.43       4.21
  88920.00       0.48       4.34
  89280.00       0.58       4.67
  89640.00       0.64       5.28
  90000.00       0.72       5.28
  90360.00       0.78       5.68
  90720.00       0.86       5.74
  91080.00       0.94       5.74
  91440.00       0.94       5.80
  91800.00       0.92       5.68
  92160.00       0.96       5.68
  92520.00       0.96       5.61
  92880.00       0.92       5.47
  93240.00       0.91       5.43
  93600.00       0.91       5.43
  93960.00       0.89       5.31
  94320.00       0.86       5.11
  94680.00       0.86       5.11
  95040.00       0.86       4.72
  95400.00       0.86       4.69
  95760.00       0.86       4.69
  96120.00       0.84       4.69
  96480.00       0.90       4.69
  96840.00       0.94       5.14
  97200.00       0.98       5.46
  97560.00       1.01       5.46
  97920.00       1.03       5.46
  98280.00       1.03       5.14
  98640.00       1.07       5.14
  99000.00       1.07       5.11
  99360.00       1.13       4.89
  99720.00       1.15       4.89
 100080.00       1.15       4.89
 100440.00       1.15       4.89
 100800.00       1.15       4.89
 101160.00       1.14       4.93
 101520.00       1.14       4.95
 101880.00       1.19       4.97
 102240.00       1.18       4.97
 102600.00       1.18       5.17
 102960.00       1.18       5.17
 103320.00       1.18       5.29
 103680.00       1.31       5.29
 104040.00       1.38       5.35
 104400.00       1.47       5.37
 104760.00       1.52       5.41
 105120.00       1.58       5.29
 105480.00       1.75       5.26
 105840.00       1.89       5.38
 106200.00       1.89       5.26
 106560.00       1.89       5.26
 106920.00       1.89       5.19
 107280.00       1.97       5.26
 107640.00       1.99       5.26
 108000.00       2.08       5.16
 108360.00       2.08       5.16
 108720.00       1.98       5.16
 109080.00       2.13       5.03
 109440.00       2.18       4.92
 109800.00       2.18       4.98
 110160.00       2.30       4.98
 110520.00       2.34       4.95
 110880.00       2.40       4.95
 111240.00       2.40       4.95
 111600.00       2.40       4.96
 111960.00       2.34       4.94
 112320.00       2.34       4.96
 112680.00       2.29       4.94
 113040.00       2.35       4.97
 113400.00       2.46       4.96
 113760.00       2.39       4.96
 114120.00       2.44       4.96
 114480.00       2.44       4.91
 114840.00       2.46       4.80
 115200.00       2.46       4.63
 115560.00       2.57       4.63
 115920.00       2.59       4.63
 116280.00       2.59       4.63
 116640.00       2.75       4.63
 117000.00       2.75       4.63
 117360.00       2.83       4.91
 117720.00       2.83       4.91
 118080.00       2.64       5.10
 118440.00       2.64       5.10
 118800.00       2.64       5.12
 119160.00       2.51       5.10
 119520.00       2.51       4.98
 119880.00       2.51       4.98
 120240.00       2.48       4.84
 120600.00       2.44       4.79
 120960.00       2.44       4.79
 121320.00       2.51       4.79
 121680.00       2.51       4.79
 122040.00       2.46       4.74
 122400.00       2.46       4.66
 122760.00       2.51       4.66
 123120.00       2.51       4.47
 123480.00       2.48       4.10
 123840.00       2.48       3.86
 124200.00       2.48       3.38
 124560.00       2.41       2.58
 124920.00       2.33       2.21
 125280.00       2.12       2.11
 125640.00       1.95       2.05
 126000.00       1.92       1.95
 126360.00       1.84       1.87
 126720.00       1.79       1.87
 127080.00       1.74       1.65
 127440.00       1.67       1.43
 127800.00       1.67       1.26
 128160.00       1.67       1.26
 128520.00       1.67       1.14
 128880.00       1.74       1.14
 129240.00       1.89       1.23
 129600.00       1.94       1.23
 129960.00       1.94       1.23
 130320.00       1.98       1.23
 130680.00       2.00       1.18
 131040.00       2.02       1.18
 131400.00       2.02       1.18
 131760.00       2.16       1.13
 132120.00       2.38       1.04
 132480.00       2.58       0.95
 132840.00       2.68       0.88
 133200.00       2.77       0.83
 133560.00       2.87       0.80
 133920.00       2.88       0.52
 134280.00       2.88       0.11
 134640.00       2.88      -0.12
 135000.00       2.79      -0.21
 135360.00       2.79      -0.32
 135720.00       2.14      -1.21
 136080.00       1.15      -1.89
 136440.00       0.83      -1.89
 136800.00       0.70      -1.89
 137160.00       0.51      -1.89
 137520.00       0.20      -1.89
 137880.00       0.05      -1.80
 138240.00      -0.01      -1.67
 138600.00      -0.17      -1.53
 138960.00      -0.35      -1.50
 139320.00      -0.35      -1.50
 139680.00      -0.35      -1.50
 140040.00      -0.35      -1.53
 140400.00      -0.35      -1.53
 140760.00      -0.28      -1.62
 141120.00      -0.28      -1.79
 141480.00      -0.28      -1.79
 141840.00      -0.35      -1.79
 142200.00      -0.36      -1.79
 142560.00      -0.41      -1.89
 142920.00      -0.72      -1.90
 143280.00      -0.72      -1.95
 143640.00      -0.83      -1.82
 144000.00      -0.83      -1.72
 144360.00      -0.83      -1.68
 144720.00      -0.65      -1.56
 145080.00      -0.54      -1.68
 145440.00      -0.49      -1.62
 145800.00      -0.39      -1.62
 146160.00      -0.39      -1.50
 146520.00      -0.39      -1.41
 146880.00      -0.39      -1.38
 147240.00      -0.39      -1.38
 147600.00      -0.33      -1.47
 147960.00      -0.15      -1.50
 148320.00      -0.14      -1.64
 148680.00      -0.17      -1.79
 149040.00      -0.21      -2.14
 149400.00      -0.38      -2.14
 149760.00      -0.38      -2.14
 150120.00      -0.38      -2.14
 150480.00      -0.34      -2.20
 150840.00      -0.34      -2.20
 151200.00      -0.40      -2.18
 151560.00      -0.45      -2.18
 151920.00      -0.52      -2.18
 152280.00      -0.55      -2.18
 152640.00      -0.67      -2.27
 153000.00      -0.75      -2.36
 153360.00      -0.75      -2.38
 153720.00      -0.81      -2.38
 154080.00      -0.88      -2.37
 154440.00      -1.06      -2.47
 154800.00      -1.27      -2.56
 155160.00      -1.34      -2.56
 155520.00      -1.39      -2.46
 155880.00      -1.48      -2.36
 156240.00      -1.60      -2.36
 156600.00      -1.84      -2.29
 156960.00      -2.12      -2.29
 157320.00      -2.43      -2.29
 157680.00      -2.67      -2.20
 158040.00      -3.02      -2.04
 158400.00      -3.38      -1.89
 158760.00      -3.63      -1.67
 159120.00      -3.83      -1.33
 159480.00      -3.85      -1.06
 159840.00      -3.91      -1.06
 160200.00      -4.03      -1.06
 160560.00      -4.08      -0.89
 160920.00      -4.09      -0.74
 161280.00      -4.09      -0.64
 161640.00      -4.15      -0.44
 162000.00      -4.14      -0.26
 162360.00      -4.19      -0.24
 162720.00      -4.19      -0.24
 163080.00      -4.27      -0.31
 163440.00      -4.19      -0.44
 163800.00      -4.19      -0.60
 164160.00      -4.19      -0.70
 164520.00      -4.19      -0.71
 164880.00      -4.19      -1.10
 165240.00      -4.26      -1.40
 165600.00      -4.34      -1.40
 165960.00      -4.34      -1.41
 166320.00      -4.34      -1.41
 166680.00      -4.36      -1.44
 167040.00      -4.48      -1.44
 167400.00      -4.58      -1.42
 167760.00      -4.62      -1.38
 168120.00      -4.87      -1.33
 168480.00      -5.43      -1.25
 168840.00      -5.82      -1.25
 169200.00      -5.91      -1.34
 169560.00      -5.91      -1.25
 169920.00      -5.99      -1.50
 170280.00      -5.99      -1.25
 170640.00      -5.91      -1.14
 171000.00      -5.91      -1.14
 171360.00      -6.10      -0.95
 171720.00      -5.89      -0.81
 172080.00      -5.89      -0.81
 172440.00      -5.83      -0.81
 172800.00      -5.60      -0.81
 173160.00      -5.83      -0.96
 173520.00      -5.60      -0.72
 173880.00      -5.60      -0.63
 174240.00      -5.75      -0.63
 174600.00      -5.75      -0.63
 174960.00      -5.59      -0.63
 175320.00      -5.59      -0.59
 175680.00      -5.59      -0.59
 176040.00      -5.38      -0.47
 176400.00      -5.38      -0.30
 176760.00      -5.28      -0.07
 177120.00      -5.37      -0.07
 177480.00      -5.37      -0.20
 177840.00      -5.37      -0.44
 178200.00      -5.47      -0.24
 178560.00      -5.37      -0.44
 178920.00      -5.37      -0.69
 179280.00      -5.37      -0.84
 179640.00      -5.42      -1.21
 180000.00      -5.42      -1.21
 180360.00      -5.42      -1.21
 180720.00      -5.13      -1.03
 181080.00      -4.76      -1.27
 181440.00      -4.59      -1.03
 181800.00      -4.59      -1.27
 182160.00      -4.76      -1.27
 182520.00      -4.99      -1.03
 182880.00      -4.99      -1.03
 183240.00      -4.74      -0.77
 183600.00      -5.45      -0.79
 183960.00      -5.45      -0.69
 184320.00      -5.45      -0.64
 184680.00      -5.55      -0.49
 185040.00      -6.09      -0.49
 185400.00      -5.55      -0.23
 185760.00      -4.98      -0.23
 186120.00      -4.98      -0.49
 186480.00      -4.63      -0.23
 186840.00      -4.35      -0.00
 187200.00      -4.30       0.07
 187560.00      -4.30       0.07
 187920.00      -4.35       0.04
 188280.00      -4.21       0.07
 188640.00      -4.21       0.07
 189000.00      -4.14       0.20
 189360.00      -4.11       0.20
 189720.00      -3.95       0.20
 190080.00      -3.92       0.16
 190440.00      -4.05      -0.01
 190800.00      -4.05      -0.52
 191160.00      -4.11      -1.04
 191520.00      -4.11      -1.15
 191880.00      -4.21      -1.44
 192240.00      -4.21      -1.82
 192600.00      -4.18      -1.82
 192960.00      -4.31      -2.12
 193320.00      -4.39      -2.30
 193680.00      -4.52      -2.50
 194040.00      -4.52      -2.60
 194400.00      -4.53      -2.68
 194760.00      -4.53      -2.93
 195120.00      -4.44      -3.18
 195480.00      -4.34      -3.18
 195840.00      -4.35      -3.24
 196200.00      -4.35      -3.24
 196560.00      -4.27      -3.18
 196920.00      -4.16      -2.86
 197280.00      -4.16      -2.63
 197640.00      -4.16      -2.58
 198000.00      -4.04      -2.19
 198360.00      -4.14      -1.87
 198720.00      -4.24      -1.74
 199080.00      -4.24      -1.67
 199440.00      -4.14      -1.58
 199800.00      -4.04      -1.58
 200160.00      -4.04      -1.58
 200520.00      -4.12      -1.58
 200880.00      -4.12      -1.49
 201240.00      -4.29      -1.49
 201600.00      -4.41      -1.36
 201960.00      -4.41      -1.35
 202320.00      -4.17      -1.35
 202680.00      -3.92      -1.23
 203040.00      -4.14      -1.23
 203400.00      -4.14      -1.23
 203760.00      -4.28      -1.23
 204120.00      -4.12      -1.18
 204480.00      -3.99      -1.06
 204840.00      -3.99      -0.77
 205200.00      -3.94      -0.57
 205560.00      -3.94      -0.45
 205920.00      -4.09      -0.45
 206280.00      -4.22      -0.45
 206640.00      -4.22      -0.57
 207000.00      -4.25      -0.45
 207360.00      -4.22      -0.45
 207720.00      -4.31      -0.47
 208080.00      -4.39      -0.85
 208440.00      -4.31      -1.29
 208800.00      -4.31      -1.29
 209160.00      -4.31      -1.58
 209520.00      -4.14      -1.85
 209880.00      -4.01      -2.19
 210240.00      -3.91      -2.10
 210600.00      -3.91      -2.25
 210960.00      -3.87      -2.25
 211320.00      -3.76      -2.27
 211680.00      -3.76      -2.27
 212040.00      -3.87      -2.39
 212400.00      -3.87      -2.39
 212760.00      -3.91      -2.39
 213120.00      -3.98      -2.27
 213480.00      -4.29      -2.27
 213840.00      -4.41      -2.22
 214200.00      -4.41      -2.22
 214560.00      -4.41      -2.39
 214920.00      -4.41      -2.19
 215280.00      -4.37      -1.95
 215640.00      -4.27      -1.93
 216000.00      -4.28      -1.97
 216360.00      -4.28      -2.23
 216720.00      -4.39      -2.50
 217080.00      -4.39      -2.52
 217440.00      -4.28      -2.60
 217800.00      -4.22      -2.67
 218160.00      -4.22      -2.67
 218520.00      -4.26      -2.67
 218880.00      -4.37      -2.67
 219240.00      -4.54      -2.67
 219600.00      -4.61      -2.59
 219960.00      -4.50      -2.12
 220320.00      -4.39      -1.63
 220680.00      -4.33      -1.63
 221040.00      -4.41      -1.63
 221400.00      -4.41      -1.63
 221760.00      -4.41      -1.63
 222120.00      -4.30      -1.96
 222480.00      -4.17      -2.23
 222840.00      -4.04      -2.35
 223200.00      -3.98      -2.49
 223560.00      -3.87      -2.58
 223920.00      -3.59      -2.70
 224280.00      -3.30      -2.70
 224640.00      -3.00      -2.70
 225000.00      -2.68      -2.70
 225360.00      -2.36      -2.70
 225720.00      -2.03      -2.69
 226080.00      -1.69      -2.56
 226440.00      -1.35      -2.39
 226800.00      -1.01      -2.19
 227160.00      -0.67      -1.96
 227520.00      -0.33      -1.70
 227880.00       0.01      -1.42
 228240.00       0.34      -1.13
 228600.00       0.66      -0.81
 228960.00       0.98      -0.48
 229320.00       1.28      -0.15
 229680.00       1.57       0.20
 230040.00       1.85       0.54
 230400.00       2.11       0.89
 230760.00       2.35       1.23
 231120.00       2.57       1.57
 231480.00       2.77       1.90
 231840.00       2.94       2.21
 232200.00       3.09       2.51
 232560.00       3.21       2.79
 232920.00       3.29       3.05
 233280.00       3.29       3.28
 233640.00       3.29       3.48
 234000.00       3.29       3.65
 234360.00       3.29       3.78
 234720.00       3.26       3.78
 235080.00       3.14       3.78
 235440.00       2.97       3.78
 235800.00       2.76       3.78
 236160.00       2.50       3.78
 236520.00       2.20       3.64
 236880.00       1.85       3.43
 237240.00       1.44       3.16
 237600.00       0.98       2.83
 237960.00       0.47       2.42
 238320.00      -0.10       1.95
 238680.00      -0.73       1.40
 239040.00      -1.42       0.77
 239400.00      -2.17       0.06
 239760.00      -2.99      -0.73
 240120.00      -3.60      -1.36
 240480.00      -3.68      -1.60
 240840.00      -3.68      -1.63
 241200.00      -3.68      -1.76
 241560.00      -3.98      -1.76
 241920.00      -4.24      -1.90
 242280.00      -3.98      -1.90
 242640.00      -3.98      -1.92
 243000.00      -3.96      -1.98
 243360.00      -3.96      -2.12
 243720.00      -4.19      -2.29
 244080.00      -4.42      -2.12
 244440.00      -4.62      -2.12
 244800.00      -4.66      -2.06
 245160.00      -4.71      -2.36
 245520.00      -4.71      -2.42
 245880.00      -4.71      -2.70
 246240.00      -4.82      -2.70
 246600.00      -4.82      -2.77
 246960.00      -4.82      -2.77
 247320.00      -4.71      -2.61
 247680.00      -4.55      -2.61
 248040.00      -4.40      -2.61
 248400.00      -4.32      -2.61
 248760.00      -4.30      -2.50
 249120.00      -4.30      -2.50
 249480.00      -4.28      -2.44
 249840.00      -4.20      -2.42
 250200.00      -4.00      -2.27
 250560.00      -4.07      -2.27
 250920.00      -4.07      -2.27
 251280.00      -4.24      -2.42
 251640.00      -4.28      -2.46
 252000.00      -4.32      -2.53
 252360.00      -4.35      -2.55
 252720.00      -4.38      -2.55
 253080.00      -4.47      -2.65
 253440.00      -4.56      -2.70
 253800.00      -4.66      -2.70
 254160.00      -4.66      -2.70
 254520.00      -4.78      -2.78
 254880.00      -4.81      -2.89
 255240.00      -4.85      -2.92
 255600.00      -4.85      -2.97
 255960.00      -4.85      -2.97
 256320.00      -4.83      -2.97
 256680.00      -4.83      -2.92
 257040.00      -4.81      -2.73
 257400.00      -4.76      -2.12
 257760.00      -4.74      -1.95
 258120.00      -4.68      -1.95
 258480.00      -4.54      -1.77
 258840.00      -4.45      -1.73
 259200.00      -4.45      -1.66
 259560.00      -4.45      -1.67
 259920.00      -4.45      -1.75
 260280.00      -4.35      -1.81
 260640.00      -4.28      -1.86
 261000.00      -4.37      -1.96
 261360.00      -4.28      -1.86
 261720.00      -4.25      -1.86
 262080.00      -4.21      -1.83
 262440.00      -4.11      -1.86
 262800.00      -4.21      -1.86
 263160.00      -4.25      -1.86
 263520.00      -4.28      -1.74
 263880.00      -4.24      -1.61
 264240.00      -4.31      -1.58
 264600.00      -4.35      -1.56
 264960.00      -4.47      -1.45
 265320.00      -4.52      -1.31
 265680.00      -4.53      -1.24
 266040.00      -4.58      -1.11
 266400.00      -4.58      -0.99
 266760.00      -4.66      -0.99
 267120.00      -4.66      -0.96
 267480.00      -4.66      -0.96
 267840.00      -4.65      -1.03
 268200.00      -4.52      -1.03
 268560.00      -4.52      -1.03
 268920.00      -4.44      -1.10
 269280.00      -4.34      -1.03
 269640.00      -4.26      -1.03
 270000.00      -4.12      -1.01
 270360.00      -4.04      -0.85
 270720.00      -3.99      -0.80
 271080.00      -3.77      -0.57
 271440.00      -3.58      -0.44
 271800.00      -3.58      -0.44
 272160.00      -3.58      -0.36
 272520.00      -3.58      -0.35
 272880.00      -3.53      -0.23
 273240.00      -3.54      -0.23
 273600.00      -3.54      -0.29
 273960.00      -3.59      -0.29
 274320.00      -3.59      -0.34
 274680.00      -3.76      -0.38
 275040.00      -3.86      -0.38
 275400.00      -3.86      -0.38
 275760.00      -3.91      -0.49
 276120.00      -3.91      -0.64
 276480.00      -4.07      -0.64
 276840.00      -4.19      -0.67
 277200.00      -4.19      -0.67
 277560.00      -4.19      -0.67
 277920.00      -4.22      -0.61
 278280.00      -4.25      -0.61
 278640.00      -4.25      -0.58
 279000.00      -4.22      -0.56
 279360.00      -4.25      -0.56
 279720.00      -4.23      -0.56
 280080.00      -4.23      -0.59
 280440.00      -4.28      -0.60
 280800.00      -4.58      -0.66
 281160.00      -4.89      -0.68
 281520.00      -4.89      -0.74
 281880.00      -4.89      -0.82
 282240.00      -4.71      -0.82
 282600.00      -4.71      -0.88
 282960.00      -4.60      -0.92
 283320.00      -4.60      -0.87
 283680.00      -4.53      -0.87
 284040.00      -4.30      -0.92
 284400.00      -4.17      -0.99
 284760.00      -4.08      -1.08
 285120.00      -4.04      -1.13
 285480.00      -3.99      -1.14
 285840.00      -3.97      -1.14
 286200.00      -3.90      -1.14
 286560.00      -3.74      -1.05
 286920.00      -3.60      -1.20
 287280.00      -3.60      -1.23
 287640.00      -3.47      -1.27
 288000.00      -3.14      -1.31
 288360.00      -2.97      -1.31
 288720.00      -2.89      -1.31
 289080.00      -2.86      -1.39
 289440.00      -2.86      -1.48
 289800.00      -2.86      -1.53
 290160.00      -2.89      -1.53
 290520.00      -2.97      -1.55
 290880.00      -3.01      -1.68
 291240.00      -3.11      -2.08
 291600.00      -3.37      -2.44
 291960.00      -3.58      -2.50
 292320.00      -3.68      -2.56
 292680.00      -3.81      -2.87
 293040.00      -3.89      -3.12
 293400.00      -4.12      -3.22
 293760.00      -4.41      -3.58
 294120.00      -4.50      -3.92
 294480.00      -4.50      -4.03
 294840.00      -4.54      -4.07
 295200.00      -4.60      -4.14
 295560.00      -4.60      -4.27
 295920.00      -4.60      -4.27
 296280.00      -4.60      -4.27
 296640.00      -4.52      -4.14
 297000.00      -4.52      -4.07
 297360.00      -4.48      -3.95
 297720.00      -4.48      -3.87
 298080.00      -4.55      -3.87
 298440.00      -4.55      -3.87
 298800.00      -4.55      -3.87
 299160.00      -4.65      -3.87
 299520.00      -4.75      -3.87
 299880.00      -4.83      -4.00
 300240.00      -4.93      -4.00
 300600.00      -5.08      -4.21
 300960.00      -5.17      -4.21
 301320.00      -5.21      -4.27
 301680.00      -5.21      -4.18
 302040.00      -5.32      -4.09
 302400.00      -5.52      -3.88
 302760.00      -5.64      -3.85
 303120.00      -5.74      -3.85
 303480.00      -5.64      -3.69
 303840.00      -5.65      -3.85
 304200.00      -5.65      -3.69
 304560.00      -5.65      -3.67
 304920.00      -5.67      -3.67
 305280.00      -5.67      -3.69
 305640.00      -5.67      -3.68
 306000.00      -5.58      -3.84
 306360.00      -5.51      -3.86
 306720.00      -5.41      -4.00
 307080.00      -5.31      -4.02
 307440.00      -5.25      -4.02
 307800.00      -5.19      -4.06
 308160.00      -5.01      -4.18
 308520.00      -4.67      -4.31
 308880.00      -4.37      -4.35
 309240.00      -4.21      -4.39
 309600.00      -4.14      -4.47
 309960.00      -4.12      -4.58
 310320.00      -4.02      -4.58
 310680.00      -3.90      -4.68
 311040.00      -3.81      -4.69
 311400.00      -3.81      -4.69
 311760.00      -3.81      -4.76
 312120.00      -3.93      -4.79
 312480.00      -3.93      -4.81
 312840.00      -3.87      -4.81
 313200.00      -3.87      -4.79
 313560.00      -3.83      -4.83
 313920.00      -3.89      -4.83
 314280.00      -3.89      -4.83
 314640.00      -3.89      -4.75
 315000.00      -3.89      -4.75
 315360.00      -3.83      -4.74
 315720.00      -3.80      -4.67
 316080.00      -3.76      -4.67
 316440.00      -3.69      -4.73
 316800.00      -3.73      -4.77
 317160.00      -3.73      -4.77
 317520.00      -3.73      -4.77
 317880.00      -3.79      -4.69
 318240.00      -3.95      -4.68
 318600.00      -3.99      -4.68
 318960.00      -4.23      -4.56
 319320.00      -4.23      -4.46
 319680.00      -4.23      -4.46
 320040.00      -4.23      -4.43
 320400.00      -4.23      -4.39
 320760.00      -4.17      -4.32
 321120.00      -4.24      -4.36
 321480.00      -4.24      -4.36
 321840.00      -4.24      -4.36
 322200.00      -4.28      -4.25
 322560.00      -4.40      -4.25
 322920.00      -4.78      -4.28
 323280.00      -4.89      -4.20
 323640.00      -4.93      -4.10
 324000.00      -4.93      -4.10
 324360.00      -4.99      -4.10
 324720.00      -5.07      -3.97
 325080.00      -5.07      -3.93
 325440.00      -5.16      -3.84
 325800.00      -5.46      -3.77
 326160.00      -5.76      -3.77
 326520.00      -5.77      -3.77
 326880.00      -5.85      -3.85
 327240.00      -5.85      -3.85
 327600.00      -5.86      -3.95
 327960.00      -5.89      -3.92
 328320.00      -5.95      -3.92
 328680.00      -6.11      -3.92
 329040.00      -5.97      -3.92
 329400.00      -5.97      -3.98
 329760.00      -5.97      -3.92
 330120.00      -5.99      -3.84
 330480.00      -5.96      -3.80
 330840.00      -5.96      -3.68
 331200.00      -5.92      -3.58
 331560.00      -5.84      -3.54
 331920.00      -5.72      -3.46
 332280.00      -5.72      -3.38
 332640.00      -5.72      -3.33
 333000.00      -5.78      -3.23
 333360.00      -5.78      -3.23
 333720.00      -5.72      -3.04
 334080.00      -5.74      -2.89
 334440.00      -5.68      -2.89
 334800.00      -5.68      -2.86
 335160.00      -5.64      -2.86
 335520.00      -5.52      -2.86
 335880.00      -5.32      -2.79
 336240.00      -5.14      -2.73
 336600.00      -5.00      -2.71
 336960.00      -4.88      -2.57
 337320.00      -4.73      -2.47
 337680.00      -4.67      -2.39
 338040.00      -4.62      -2.30
 338400.00      -4.58      -2.30
 338760.00      -4.46      -2.39
 339120.00      -4.34      -2.40
 339480.00      -4.33      -2.40
 339840.00      -4.29      -2.48
 340200.00      -4.19      -2.52
 340560.00      -4.14      -2.55
 340920.00      -4.01      -2.59
 341280.00      -3.99      -2.64
 341640.00      -3.99      -2.70
 342000.00      -3.99      -2.80
 342360.00      -4.01      -2.84
 342720.00      -4.11      -2.96
 343080.00      -4.22      -3.11
 343440.00      -4.22      -3.11
 343800.00      -4.22      -3.24
 344160.00      -4.31      -3.24
 344520.00      -4.31      -3.24
 344880.00      -4.31      -3.24
 345240.00      -4.31      -3.14
 345600.00      -4.31      -2.94
 345960.00      -4.33      -2.94
 346320.00      -4.24      -2.84
 346680.00      -4.24      -2.78
 347040.00      -4.24      -2.82
 347400.00      -4.36      -2.79
 347760.00      -4.51      -2.74
 348120.00      -4.80      -2.73
 348480.00      -4.85      -2.71
 348840.00      -4.89      -2.71
 349200.00      -4.89      -2.70
 349560.00      -4.85      -2.66
 349920.00      -4.85      -2.66
 350280.00      -4.87      -2.66
 350640.00      -4.85      -2.60
 351000.00      -4.85      -2.51
 351360.00      -4.91      -2.45
 351720.00      -4.85      -2.41
 352080.00      -4.76      -2.41
 352440.00      -4.54      -2.38
 352800.00      -4.38      -2.41
 353160.00      -4.36      -2.43
 353520.00      -4.38      -2.47
 353880.00      -4.36      -2.48
 354240.00      -4.33      -2.66
 354600.00      -4.33      -2.79
 354960.00      -4.33      -2.88
 355320.00      -4.33      -2.96
 355680.00      -4.39      -2.96
 356040.00      -4.43      -2.96
 356400.00      -4.51      -2.96
 356760.00      -4.63      -2.96
 357120.00      -4.73      -2.93
 357480.00      -4.80      -2.93
 357840.00      -4.80      -2.93
 358200.00      -4.82      -2.95
 358560.00      -4.82      -2.97
 358920.00      -4.85      -2.97
 359280.00      -4.96      -3.07
 359640.00      -5.06      -3.25
 360000.00      -5.10      -3.39
 360360.00      -5.19      -3.41
 360720.00      -5.16      -3.41
 361080.00      -5.16      -3.41
 361440.00      -5.32      -3.43
 361800.00      -5.32      -3.47
 362160.00      -5.40      -3.52
 362520.00      -5.47      -3.52
 362880.00      -5.56      -3.65
 363240.00      -5.58      -3.71
 363600.00      -5.70      -3.71
 363960.00      -5.82      -3.72
 364320.00      -5.84      -3.80
 364680.00      -5.98      -3.80
 365040.00      -6.20      -3.96
 365400.00      -6.30      -3.95
 365760.00      -6.56      -3.93
 366120.00      -6.91      -4.03
 366480.00      -7.08      -4.03
 366840.00      -7.08      -4.02
 367200.00      -7.04      -4.02
 367560.00      -7.09      -4.04
 367920.00      -7.10      -4.02
 368280.00      -7.21      -4.02
 368640.00      -7.33      -4.02
 369000.00      -7.37      -4.05
 369360.00      -7.37      -4.05
 369720.00      -7.33      -4.02
 370080.00      -7.17      -4.05
 370440.00      -7.33      -4.10
 370800.00      -7.33      -4.10
 371160.00      -7.22      -4.07
 371520.00      -7.06      -4.16
 371880.00      -7.06      -4.16
 372240.00      -7.06      -4.16
 372600.00      -7.06      -4.13
 372960.00      -7.18      -4.16
 373320.00      -7.38      -4.25
 373680.00      -7.44      -4.31
 374040.00      -7.49      -4.37
 374400.00      -7.77      -4.37
 374760.00      -7.91      -4.37
 375120.00      -7.91      -4.37
 375480.00      -8.01      -4.37
 375840.00      -8.16      -4.28
 376200.00      -8.16      -4.28
 376560.00      -8.22      -4.19
 376920.00      -8.22      -4.18
 377280.00      -8.22      -4.12
 377640.00      -8.06      -3.99
 378000.00      -8.06      -3.99
 378360.00      -8.29      -3.99
 378720.00      -8.29      -3.87
 379080.00      -8.18      -3.80
 379440.00      -8.15      -3.80
 379800.00      -8.15      -3.80
 380160.00      -8.15      -3.81
 380520.00      -8.06      -3.76
 380880.00      -8.15      -3.76
 381240.00      -8.15      -3.71
 381600.00      -8.06      -3.64
 381960.00      -8.06      -3.64
 382320.00      -8.00      -3.60
 382680.00      -8.00      -3.60
 383040.00      -7.85      -3.59
 383400.00      -8.06      -3.60
 383760.00      -8.06      -3.60
 384120.00      -8.25      -3.61
 384480.00      -8.34      -3.65
 384840.00      -8.34      -3.80
 385200.00      -8.34      -4.04
 385560.00      -8.34      -4.07
 385920.00      -8.60      -4.32
 386280.00      -8.34      -4.61
 386640.00      -8.43      -4.69
 387000.00      -8.43      -4.88
 387360.00      -8.60      -4.99
 387720.00      -8.60      -4.99
 388080.00      -8.61      -4.99
 388440.00      -8.61      -4.99
 388800.00      -8.61      -5.12
 389160.00      -8.61      -5.15
 389520.00      -8.74      -5.62
 389880.00      -9.13      -5.98
 390240.00      -9.13      -5.98
 390600.00      -8.74      -6.05
 390960.00      -8.74      -6.15
 391320.00      -8.74      -6.36
 391680.00      -9.20      -6.56
 392040.00      -9.20      -6.56
 392400.00      -9.20      -6.36
 392760.00      -9.18      -6.26
 393120.00      -8.77      -6.16
 393480.00      -8.47      -6.45
 393840.00      -8.75      -6.63
 394200.00      -9.00      -6.63
 394560.00      -9.00      -6.63
 394920.00      -9.00      -6.66
 395280.00      -8.83      -6.66
 395640.00      -8.85      -6.71
 396000.00      -8.85      -6.79
 396360.00      -8.85      -6.90
 396720.00      -8.85      -7.01
 397080.00      -9.01      -7.14
 397440.00      -9.04      -7.16
 397800.00      -8.87      -7.16
 398160.00      -8.87      -7.26
 398520.00      -8.87      -7.44
 398880.00      -8.87      -7.44
 399240.00      -8.77      -7.62
 399600.00      -8.73      -7.70
 399960.00      -8.41      -8.01
 400320.00      -8.71      -8.35
 400680.00      -8.35      -8.50
 401040.00      -8.35      -8.50
 401400.00      -8.35      -8.50
 401760.00      -8.21      -8.50
 402120.00      -8.07      -8.58
 402480.00      -8.07      -8.70
 402840.00      -8.02      -8.86
 403200.00      -7.98      -8.98
 403560.00      -8.00      -9.08
 403920.00      -7.87      -9.14
 404280.00      -7.71      -9.28
 404640.00      -7.57      -9.39
 405000.00      -7.44      -9.39
 405360.00      -7.44      -9.39
 405720.00      -7.35      -9.44
 406080.00      -7.23      -9.42
 406440.00      -7.08      -9.42
 406800.00      -7.02      -9.42
 407160.00      -7.02      -9.46
 407520.00      -6.85      -9.46
 407880.00      -6.83      -9.46
 408240.00      -6.77      -9.46
 408600.00      -6.72      -9.54
 408960.00      -6.72      -9.55
 409320.00      -6.77      -9.55
 409680.00      -6.77      -9.55
 410040.00      -6.88      -9.55
 410400.00      -6.94      -9.55
 410760.00      -6.88      -9.55
 411120.00      -6.94      -9.01
 411480.00      -7.10      -8.34
 411840.00      -7.30      -8.10
 412200.00      -7.43      -8.10
 412560.00      -7.72      -8.10
 412920.00      -8.14      -8.34
 413280.00      -8.14      -9.12
 413640.00      -8.14      -9.43
 414000.00      -8.14      -9.81
 414360.00      -8.14      -9.94
 414720.00      -8.28      -9.98
 415080.00      -8.01      -9.98
 415440.00      -7.98     -10.08
 415800.00      -7.98     -10.19
 416160.00      -7.83     -10.08
 416520.00      -7.83     -10.21
 416880.00      -7.98     -10.21
 417240.00      -8.13     -10.21
 417600.00      -8.13     -10.08
 417960.00      -8.13      -9.97
 418320.00      -8.11      -9.92
 418680.00      -8.11      -9.85
 419040.00      -7.99      -9.85
 419400.00      -7.89      -9.64
 419760.00      -7.89      -9.85
 420120.00      -7.79      -9.85
 420480.00      -7.79      -9.64
 420840.00      -7.45      -9.74
 421200.00      -7.45     -10.17
 421560.00      -7.10     -10.62
 421920.00      -7.10     -10.62
 422280.00      -7.15     -10.81
 422640.00      -7.15     -10.89
 423000.00      -7.03     -10.89
 423360.00      -7.03     -10.89
 423720.00      -6.78     -10.96
 424080.00      -6.49     -11.04
 424440.00      -6.30     -11.22
 424800.00      -6.20     -11.31
 425160.00      -6.20     -11.31
 425520.00      -6.07     -11.31
 425880.00      -5.83     -11.31
 426240.00      -5.79     -11.09
 426600.00      -5.55     -11.31
 426960.00      -5.30     -11.31
 427320.00      -5.08     -11.09
 427680.00      -4.84     -11.09
 428040.00      -4.45     -11.09
 428400.00      -4.26     -11.28
 428760.00      -4.13     -11.67
 429120.00      -3.99     -11.71
 429480.00      -3.95     -11.80
 429840.00      -3.80     -11.96
 430200.00      -3.70     -12.06
 430560.00      -3.64     -12.03
 430920.00      -3.64     -12.03
 431280.00      -3.67     -12.03
 431640.00      -3.85     -12.03
 432000.00      -3.99     -12.03
 432360.00      -4.17     -11.68
 432720.00      -4.17     -11.27
 433080.00      -4.36     -10.93
 433440.00      -4.59     -10.67
 433800.00      -4.59     -10.60
 434160.00      -4.59     -10.13
 434520.00      -4.36      -9.69
 434880.00      -4.17      -9.63
 435240.00      -4.04      -9.54
 435600.00      -3.98      -9.63
 435960.00      -3.84      -9.59
 436320.00      -3.65      -9.59
 436680.00      -3.40      -9.45
 437040.00      -3.20      -9.23
 437400.00      -3.20      -9.23
 437760.00      -3.15      -9.23
 438120.00      -3.17      -9.54
 438480.00      -3.17      -9.77
 438840.00      -3.17      -9.96
 439200.00      -3.47     -10.44
 439560.00      -3.83     -10.88
 439920.00      -3.83     -10.88
 440280.00      -4.11     -10.94
 440640.00      -4.11     -10.94
 441000.00      -4.37     -10.88
 441360.00      -4.37     -10.94
 441720.00      -4.33     -11.06
 442080.00      -4.07     -10.94
 442440.00      -3.80     -10.86
 442800.00      -3.61     -10.86
 443160.00      -3.44     -10.98
 443520.00      -3.42     -10.98
 443880.00      -3.42     -10.88
 444240.00      -3.56     -10.88
 444600.00      -3.27     -10.88
 444960.00      -3.27     -10.88
 445320.00      -3.05     -10.76
 445680.00      -3.27     -10.88
 446040.00      -3.37     -10.86
 446400.00      -3.83     -10.72
 446760.00      -4.08     -10.63
 447120.00      -4.38     -10.56
 447480.00      -4.38     -10.56
 447840.00      -4.37     -10.56
 448200.00      -4.37     -10.25
 448560.00      -4.37      -9.91
 448920.00      -4.37      -9.91
 449280.00      -4.02      -9.91
 449640.00      -3.42      -9.91
 450000.00      -2.82     -10.14
 450360.00      -2.53     -10.26
 450720.00      -2.53     -10.26
 451080.00      -2.46     -10.03
 451440.00      -2.46      -9.86
 451800.00      -2.46      -9.86
 452160.00      -2.46     -10.17
 452520.00      -2.25      -9.88
 452880.00      -2.18      -9.58
 453240.00      -2.18      -9.58
 453600.00      -2.09      -9.58
 453960.00      -2.09      -9.49
 454320.00      -2.09      -9.58
 454680.00      -2.09      -9.75
 455040.00      -2.09     -10.04
 455400.00      -2.15     -10.19
 455760.00      -2.37     -10.35
 456120.00      -2.37     -10.58
 456480.00      -2.37     -11.16
 456840.00      -2.37     -11.82
 457200.00      -2.37     -12.02
 457560.00      -1.84     -12.08
 457920.00      -1.32     -12.19
 458280.00      -1.32     -12.28
 458640.00      -1.32     -12.45
 459000.00      -1.32     -12.28
 459360.00      -1.32     -12.28
 459720.00      -1.79     -12.18
 460080.00      -2.30     -12.18
 460440.00      -2.30     -12.10
 460800.00      -2.36     -12.10
 461160.00      -2.56     -12.02
 461520.00      -2.86     -11.94
 461880.00      -3.15     -11.54
 462240.00      -3.15     -11.54
 462600.00      -3.15     -11.54
 462960.00      -3.15     -11.54
 463320.00      -3.27     -11.94
 463680.00      -3.33     -11.97
 464040.00      -3.46     -12.23
 464400.00      -3.63     -12.55
 464760.00      -4.17     -12.87
 465120.00      -4.61     -13.14
 465480.00      -4.66     -13.25
 465840.00      -4.71     -13.40
 466200.00      -4.85     -13.92
 466560.00      -5.14     -14.47
 466920.00      -5.58     -14.47
 467280.00      -6.03     -14.47
 467640.00      -6.29     -14.75
 468000.00      -6.43     -14.75
 468360.00      -6.53     -14.65
 468720.00      -6.70     -14.37
 469080.00      -6.70     -14.28
 469440.00      -6.70     -14.28
 469800.00      -6.77     -14.28
 470160.00      -6.77     -14.25
 470520.00      -6.88     -14.25
 470880.00      -7.32     -14.37
 471240.00      -7.65     -14.37
 471600.00      -8.03     -14.46
 471960.00      -8.03     -14.56
 472320.00      -8.46     -14.56
 472680.00      -8.68     -14.56
 473040.00      -8.77     -14.68
 473400.00      -8.90     -14.74
 473760.00      -9.10     -14.97
 474120.00      -9.10     -15.14
 474480.00      -8.90     -15.30
 474840.00      -8.90     -15.14
 475200.00      -8.73     -15.07
 475560.00      -8.73     -15.07
 475920.00      -7.58     -15.07
 476280.00      -6.30     -15.07
 476640.00      -6.30     -15.13
 477000.00      -5.96     -15.13
 477360.00      -5.70     -15.19
 477720.00      -5.70     -15.19
 478080.00      -5.70     -15.19
 478440.00      -5.70     -15.36
 478800.00      -5.92     -15.36
 479160.00      -6.25     -15.16
 479520.00      -6.55     -15.36
 479880.00      -6.55     -15.38
 480240.00      -6.25     -15.48
 480600.00      -6.25     -15.58
 480960.00      -6.48     -15.58
 481320.00      -6.48     -15.86
 481680.00      -6.46     -15.96
 482040.00      -6.23     -15.91
 482400.00      -6.46     -16.00
 482760.00      -6.47     -16.27
 483120.00      -6.23     -16.27
 483480.00      -6.47     -16.45
 483840.00      -6.66     -16.75
 484200.00      -6.87     -16.75
 484560.00      -7.03     -16.57
 484920.00      -7.03     -16.42
 485280.00      -7.17     -16.22
 485640.00      -7.17     -16.09
 486000.00      -7.31     -16.26
 486360.00      -7.75     -16.26
 486720.00      -7.75     -16.35
 487080.00      -7.75     -16.30
 487440.00      -7.42     -16.30
 487800.00      -7.42     -16.31
 488160.00      -7.10     -16.31
 488520.00      -6.56     -16.30
 488880.00      -6.52     -16.30
 489240.00      -6.52     -16.31
 489600.00      -6.43     -16.31
 489960.00      -6.24     -16.21
 490320.00      -6.24     -15.78
 490680.00      -6.24     -15.78
 491040.00      -6.43     -15.78
 491400.00      -6.64     -15.78
 491760.00      -6.64     -15.30
 492120.00      -6.64     -15.88
 492480.00      -6.36     -15.94
 492840.00      -6.45     -15.88
 493200.00      -6.45     -16.26
 493560.00      -6.45     -16.26
 493920.00      -6.22     -16.26
 494280.00      -6.08     -15.91
 494640.00      -5.92     -15.67
 495000.00      -5.29     -15.59
 495360.00      -4.60     -15.59
 495720.00      -4.35     -15.26
 496080.00      -4.29     -15.18
 496440.00      -3.90     -15.18
 496800.00      -3.51     -15.18
 497160.00      -3.47     -15.50
 497520.00      -3.10     -15.61
 497880.00      -2.65     -15.66
 498240.00      -2.34     -15.50
 498600.00      -2.14     -15.70
 498960.00      -1.95     -15.70
 499320.00      -1.86     -15.70
 499680.00      -1.76     -15.84
 500040.00      -1.81     -15.70
 500400.00      -1.81     -15.84
 500760.00      -1.70     -15.84
 501120.00      -1.54     -15.74
 501480.00      -1.33     -15.77
 501840.00      -1.08     -15.91
 502200.00      -1.08     -15.91
 502560.00      -1.12     -16.22
 502920.00      -1.12     -16.61
 503280.00      -1.14     -16.81
 503640.00      -1.03     -16.92
 504000.00      -0.97     -16.92
 504360.00      -0.97     -17.01
 504720.00      -0.87     -17.18
 505080.00      -0.87     -17.34
 505440.00      -1.00     -17.34
 505800.00      -0.86     -17.34
 506160.00      -0.70     -17.49
 506520.00      -0.40     -17.68
 506880.00      -0.27     -17.49
 507240.00      -0.27     -17.70
 507600.00      -0.27     -17.74
 507960.00      -0.27     -17.74
 508320.00      -0.27     -17.89
 508680.00      -0.27     -18.05
 509040.00      -0.12     -18.05
 509400.00      -0.11     -18.05
 509760.00      -0.12     -17.85
 510120.00      -0.12     -17.44
 510480.00      -0.12     -17.44
 510840.00      -0.12     -17.35
 511200.00      -0.12     -17.35
 511560.00      -0.12     -17.44
 511920.00      -0.12     -17.35
 512280.00      -0.12     -17.35
 512640.00      -0.25     -17.35
 513000.00      -0.25     -17.20
 513360.00      -0.25     -17.25
 513720.00      -0.12     -17.15
 514080.00      -0.12     -17.15
 514440.00      -0.12     -17.10
 514800.00      -0.12     -16.90
 515160.00      -0.12     -16.90
 515520.00      -0.12     -17.10
 515880.00      -0.25     -16.87
 516240.00      -0.11     -16.87
 516600.00      -0.27     -17.10
 516960.00      -0.54     -17.24
 517320.00      -0.69     -17.24
 517680.00      -0.73     -17.24
 518040.00      -1.01     -17.53
 518400.00      -1.29     -17.53
 518760.00      -1.29     -17.39
 519120.00      -1.33     -17.44
 519480.00      -1.37     -17.62
 519840.00      -1.43     -17.73
 520200.00      -1.58     -17.98
 520560.00      -1.71     -17.89
 520920.00      -1.71     -17.89
 521280.00      -1.93     -17.89
 521640.00      -2.41     -17.73
 522000.00      -2.84     -17.89
 522360.00      -3.33     -17.99
 522720.00      -3.82     -18.20
 523080.00      -4.16     -18.39
 523440.00      -4.63     -18.40
 523800.00      -4.63     -18.40
 524160.00      -4.63     -18.71
 524520.00      -4.63     -18.71
 524880.00      -4.16     -18.40
 525240.00      -4.15     -18.40
 525600.00      -4.15     -18.35
 525960.00      -3.88     -18.61
 526320.00      -3.88     -18.58
 526680.00      -3.78     -18.43
 527040.00      -3.34     -18.43
 527400.00      -3.62     -18.43
 527760.00      -3.24     -18.43
 528120.00      -2.73     -18.69
 528480.00      -2.73     -18.86
 528840.00      -2.73     -18.86
 529200.00      -2.47     -19.03
 529560.00      -2.45     -19.13
 529920.00      -2.45     -19.26
 530280.00      -2.36     -19.56
 530640.00      -2.36     -19.26
 531000.00      -2.36     -19.23
 531360.00      -2.29     -19.10
 531720.00      -2.25     -18.98
 532080.00      -2.25     -18.86
 532440.00      -2.39     -18.86
 532800.00      -2.39     -18.86
 533160.00      -2.52     -18.88
 533520.00      -2.39     -18.81
 533880.00      -2.48     -18.45
 534240.00      -2.39     -18.45
 534600.00      -2.24     -18.68
 534960.00      -1.94     -18.85
 535320.00      -2.27     -19.01
 535680.00      -1.94     -19.16
 536040.00      -1.85     -19.31
 536400.00      -1.85     -19.16
 536760.00      -1.65     -19.20
 537120.00      -1.34     -19.20
 537480.00      -0.82     -19.43
 537840.00      -0.48     -19.45
 538200.00      -0.45     -19.45
 538560.00      -0.45     -19.22
 538920.00      -0.45     -19.45
 539280.00      -0.27     -18.98
 539640.00      -0.12     -18.98
 540000.00       0.05     -19.45
 540360.00       0.05     -19.45
 540720.00       0.38     -19.45
 541080.00       0.74     -19.54
 541440.00       0.74     -19.39
 541800.00       1.06     -19.39
 542160.00       1.24     -20.00
 542520.00       1.37     -20.44
 542880.00       1.37     -20.44
 543240.00       1.44     -20.34
 543600.00       1.73     -20.34
 543960.00       1.73     -20.06
 544320.00       2.09     -20.16
 544680.00       2.90     -19.91
 545040.00       3.90     -20.19
 545400.00       4.31     -20.75
 545760.00       4.62     -20.75
 546120.00       4.94     -20.75
 546480.00       5.72     -20.75
 546840.00       6.34     -20.57
 547200.00       6.65     -20.57
 547560.00       7.04     -20.57
 547920.00       7.04     -20.32
 548280.00       7.40     -20.35
 548640.00       7.69     -19.53
 549000.00       7.72     -19.53
 549360.00       7.86     -19.53
 549720.00       7.96     -19.31
 550080.00       8.66     -18.94
 550440.00       9.37     -18.79
 550800.00       9.73     -18.43
 551160.00       9.94     -18.37
 551520.00      10.07     -18.48
 551880.00      10.73     -18.37
 552240.00      11.48     -18.32
 552600.00      11.99     -18.25
 552960.00      12.46     -18.20
 553320.00      12.84     -17.87
 553680.00      13.21     -17.52
 554040.00      13.57     -17.52
 554400.00      14.51     -17.52
 554760.00      15.01     -17.87
 555120.00      15.37     -17.39
 555480.00      15.77     -17.01
 555840.00      15.77     -17.01
 556200.00      15.86     -16.80
 556560.00      15.86     -16.80
 556920.00      15.77     -16.44
 557280.00      15.86     -16.90
 557640.00      15.78     -16.90
 558000.00      15.68     -16.90
 558360.00      15.66     -16.71
 558720.00      15.56     -16.81
 559080.00      15.39     -17.23
 559440.00      15.17     -17.23
 559800.00      15.00     -17.59
 560160.00      14.56     -17.73
 560520.00      13.67     -17.89
 560880.00      13.37     -17.89
 561240.00      13.37     -18.33
 561600.00      13.37     -18.33
 561960.00      13.37     -18.33
 562320.00      13.37     -18.33
 562680.00      13.37     -18.33
 563040.00      13.67     -18.82
 563400.00      13.67     -18.33
 563760.00      13.80     -18.15
 564120.00      13.82     -18.44
 564480.00      14.48     -18.44
 564840.00      15.08     -18.08
 565200.00      15.17     -18.08
 565560.00      15.28     -17.89
 565920.00      15.17     -17.89
 566280.00      15.17     -17.52
 566640.00      15.17     -17.52
 567000.00      15.17     -17.42
 567360.00      15.28     -17.42
 567720.00      15.28     -17.42
 568080.00      15.34     -18.37
 568440.00      15.96     -19.24
 568800.00      16.50     -19.34
 569160.00      16.67     -19.49
 569520.00      16.67     -19.43
 569880.00      16.67     -19.43
 570240.00      16.67     -19.43
 570600.00      16.87     -19.43
 570960.00      16.87     -19.32
 571320.00      16.53     -18.88
 571680.00      16.20     -18.43
 572040.00      16.20     -18.15
 572400.00      16.20     -17.89
 572760.00      16.20     -17.57
 573120.00      16.24     -17.32
 573480.00      16.64     -17.00
 573840.00      17.18     -16.84
 574200.00      17.08     -16.76
 574560.00      17.54     -16.44
 574920.00      17.68     -16.29
 575280.00      17.72     -16.20
 575640.00      18.06     -16.20
 576000.00      18.27     -16.19
 576360.00      18.27     -16.00
 576720.00      18.27     -16.00
 577080.00      18.28     -15.88
 577440.00      18.49     -15.70
 577800.00      18.60     -15.70
 578160.00      19.38     -15.36
 578520.00      20.72     -14.88
 578880.00      20.82     -14.69
 579240.00      21.50     -14.28
 579600.00      21.50     -13.90
 579960.00      21.70     -13.58
 580320.00      21.70     -13.15
 580680.00      21.83     -12.67
 581040.00      21.99     -12.40
 581400.00      21.99     -12.18
 581760.00      21.99     -11.82
 582120.00      22.24     -11.52
 582480.00      22.52     -11.30
 582840.00      22.88     -10.57
 583200.00      23.54     -10.26
 583560.00      24.03      -9.93
 583920.00      24.03      -9.84
 584280.00      24.03      -9.46
 584640.00      24.08      -9.03
 585000.00      24.08      -8.90
 585360.00      23.95      -8.86
 585720.00      23.95      -8.65
 586080.00      23.95      -8.31
 586440.00      24.15      -8.12
 586800.00      24.15      -7.87
 587160.00      24.15      -7.65
 587520.00      24.64      -7.28
 587880.00      25.03      -6.65
 588240.00      25.03      -6.33
 588600.00      25.03      -6.22
 588960.00      25.30      -6.18
 589320.00      25.75      -6.04
 589680.00      25.75      -5.81
 590040.00      25.83      -5.50
 590400.00      25.83      -4.53
 590760.00      25.88      -3.74
 591120.00      25.88      -3.55
 591480.00      25.88      -3.35
 591840.00      26.75      -3.25
 592200.00      26.81      -3.14
 592560.00      26.98      -2.65
 592920.00      26.98      -2.17
 593280.00      27.60      -2.12
 593640.00      27.60      -0.91
 594000.00      27.29       0.78
 594360.00      26.86       1.23
 594720.00      26.37       1.40
 595080.00      26.09       1.60
 595440.00      26.09       1.87
 595800.00      26.26       2.21
 596160.00      25.82       2.43
 596520.00      25.86       2.43
 596880.00      25.71       2.59
 597240.00      25.59       2.67
 597600.00      25.71       3.14
 597960.00      25.59       3.81
 598320.00      25.59       4.89
 598680.00      25.33       5.92
 599040.00      24.86       6.61
 599400.00      24.06       7.26
 599760.00      24.06       7.76
 600120.00      23.74       7.76
 600480.00      23.74       7.76
 600840.00      23.74       7.76
 601200.00      23.74       7.70
 601560.00      23.70       7.93
 601920.00      23.88       7.93
 602280.00      23.88       8.23
 602640.00      23.88       8.91
 603000.00      23.88       9.62
 603360.00      23.05       9.92
 603720.00      21.81      10.93
 604080.00      20.67      11.58
 604440.00      20.67      11.92
 604800.00      19.92      11.92
 605160.00      19.14      12.02
 605520.00      18.76      12.02
 605880.00      18.52      12.22
 606240.00      18.24      12.22
 606600.00      17.57      12.45
 606960.00      16.76      12.45
 607320.00      15.90      12.76
 607680.00      15.53      12.76
 608040.00      15.03      12.45
 608400.00      15.03      12.76
 608760.00      13.66      12.79
 609120.00      11.97      13.15
 609480.00      10.98      13.09
 609840.00      10.02      13.28
 610200.00       8.44      13.24
 610560.00       7.37      13.24
 610920.00       7.12      13.24
 611280.00       6.28      13.42
 611640.00       5.13      14.39
 612000.00       4.80      14.47
 612360.00       4.79      15.27
 612720.00       4.76      15.27
 613080.00       4.62      15.84
 613440.00       4.44      15.38
 613800.00       4.62      15.85
 614160.00       4.62      15.85
 614520.00       4.19      15.85
 614880.00       3.35      15.87
 615240.00       2.68      15.41
 615600.00       2.40      15.41
 615960.00       1.86      15.66
 616320.00       1.44      15.41
 616680.00       0.91      15.36
 617040.00       0.24      15.28
 617400.00       0.24      15.05
 617760.00       0.24      14.58
 618120.00      -0.03      14.19
 618480.00      -0.03      14.19
 618840.00      -0.04      14.49
 619200.00       0.24      14.49
 619560.00      -0.03      14.19
 619920.00      -0.03      14.19
 620280.00       0.09      14.09
 620640.00       0.23      13.99
 621000.00       0.23      13.99
 621360.00      -0.03      13.69
 621720.00       0.09      13.54
 622080.00       0.09      13.11
 622440.00       0.23      13.11
 622800.00       0.09      13.11
 623160.00       0.09      13.02
 623520.00       0.09      12.64
 623880.00      -0.23      12.23
 624240.00      -0.66      12.13
 624600.00      -0.66      12.13
 624960.00      -0.64      11.89
 625320.00      -0.68      11.89
 625680.00      -0.68      11.89
 626040.00      -0.75      11.82
 626400.00      -0.68      11.82
 626760.00      -0.59      11.45
 627120.00      -0.68      11.14
 627480.00      -0.48      11.30
 627840.00      -0.48      11.28
 628200.00      -0.37      10.87
 628560.00      -0.37      10.87
 628920.00      -0.44      10.49
 629280.00      -0.60      10.49
 629640.00      -0.60      10.49
 630000.00      -0.82      10.49
 630360.00      -0.89      10.37
 630720.00      -0.89      10.27
 631080.00      -0.89       9.93
 631440.00      -0.82       9.75
 631800.00      -0.92       9.53
 632160.00      -1.10       9.18
 632520.00      -1.34       9.24
 632880.00      -1.49       8.74
 633240.00      -1.68       8.48
 633600.00      -1.54       8.36
 633960.00      -1.83       8.19
 634320.00      -1.83       8.00
 634680.00      -2.15       7.93
 635040.00      -2.39       7.93
 635400.00      -2.53       7.93
 635760.00      -2.60       7.60
 636120.00      -2.60       7.21
 636480.00      -2.60       7.21
 636840.00      -2.38       7.09
 637200.00      -2.38       7.21
 637560.00      -2.36       7.09
 637920.00      -2.36       7.09
 638280.00      -2.32       7.09
 638640.00      -2.32       7.09
 639000.00      -2.28       6.87
 639360.00      -2.09       6.57
 639720.00      -2.01       6.57
 640080.00      -2.01       6.57
 640440.00      -2.01       6.57
 640800.00      -1.96       6.39
 641160.00      -1.97       6.56
 641520.00      -1.97       6.56
 641880.00      -1.90       6.56
 642240.00      -1.73       6.94
 642600.00      -1.80       6.94
 642960.00      -1.80       6.99
 643320.00      -1.70       6.66
 643680.00      -1.62       6.57
 644040.00      -1.57       6.57
 644400.00      -1.27       6.66
 644760.00      -1.27       6.99
 645120.00      -1.15       6.62
 645480.00      -1.39       6.62
 645840.00      -1.39       6.62
 646200.00      -1.19       7.35
 646560.00      -1.07       8.16
 646920.00      -1.07       8.54
 647280.00      -1.07       8.78
 647640.00      -0.99       9.00
 648000.00      -0.99       8.78
 648360.00      -0.75       9.00
 648720.00      -0.75       9.00
 649080.00      -0.75       8.78
 649440.00      -0.75       8.77
 649800.00      -0.75       8.77
 650160.00      -0.99       8.67
 650520.00      -1.17       8.69
 650880.00      -1.00       8.69
 651240.00      -1.03       8.69
 651600.00      -1.10       8.41
 651960.00      -1.10       8.41
 652320.00      -1.15       8.99
 652680.00      -1.15       9.23
 653040.00      -1.29       9.36
 653400.00      -1.38       9.37
 653760.00      -1.21       9.78
 654120.00      -1.00       9.78
 654480.00      -1.09       9.37
 654840.00      -1.23       9.24
 655200.00      -1.23       9.24
 655560.00      -1.38       9.20
 655920.00      -1.25       9.20
 656280.00      -1.25       9.17
 656640.00      -1.25       9.17
 657000.00      -1.05       9.17
 657360.00      -1.05       8.90
 657720.00      -1.05       8.90
 658080.00      -0.97       8.90
 658440.00      -0.86       9.17
 658800.00      -0.86       9.17
 659160.00      -0.45       9.14
 659520.00      -0.29       8.60
 659880.00      -0.29       8.13
 660240.00      -0.16       8.05
 660600.00       0.09       8.05
 660960.00       0.21       8.05
 661320.00       0.53       8.08
 661680.00       0.68       8.52
 662040.00       0.68       8.52
 662400.00       0.68       8.64
 662760.00       0.71       9.27
 663120.00       0.81       9.89
 663480.00       0.81       9.94
 663840.00       1.16       9.94
 664200.00       1.16       9.94
 664560.00       1.16      10.15
 664920.00       0.89       9.73
 665280.00       0.89       9.55
 665640.00       0.81       9.42
 666000.00       0.81       9.33
 666360.00       0.83       8.98
 666720.00       0.65       8.28
 667080.00       0.67       7.77
 667440.00       0.67       7.77
 667800.00       0.67       8.25
 668160.00       0.88       7.77
 668520.00       1.29       7.66
 668880.00       1.36       7.65
 669240.00       1.90       7.76
 669600.00       2.11       7.88
 669960.00       2.03       8.00
 670320.00       2.28       7.98
 670680.00       2.28       8.25
 671040.00       2.28       7.98
 671400.00       2.28       7.86
 671760.00       2.28       7.86
 672120.00       2.28       7.85
 672480.00       2.28       7.83
 672840.00       2.74       7.51
 673200.00       2.74       7.10
 673560.00       2.49       6.59
 673920.00       2.04       6.16
 674280.00       2.41       6.14
 674640.00       2.41       6.14
 675000.00       2.41       5.98
 675360.00       2.41       5.83
 675720.00       2.37       5.81
 676080.00       2.11       5.81
 676440.00       2.11       5.81
 676800.00       1.75       5.62
 677160.00       1.92       5.45
 677520.00       1.92       5.40
 677880.00       1.75       5.40
 678240.00       1.59       5.32
 678600.00       1.38       5.32
 678960.00       1.38       5.03
 679320.00       1.59       5.03
 679680.00       1.59       5.03
 680040.00       1.59       5.03
 680400.00       1.44       4.86
 680760.00       1.28       5.08
 681120.00       1.11       4.76
 681480.00       1.11       4.70
 681840.00       1.28       4.54
 682200.00       1.17       4.54
 682560.00       1.49       4.84
 682920.00       1.37       4.63
 683280.00       1.47       4.63
 683640.00       1.20       4.63
 684000.00       1.20       4.63
 684360.00       1.20       4.41
 684720.00       1.18       4.63
 685080.00       0.93       4.42
 685440.00       0.86       4.63
 685800.00       0.51       4.42
 686160.00      -0.13       4.34
 686520.00      -0.55       4.18
 686880.00      -0.64       4.02
 687240.00      -0.67       4.19
 687600.00      -0.70       4.13
 687960.00      -0.74       4.29
 688320.00      -0.74       4.13
 688680.00      -0.74       3.80
 689040.00      -0.74       3.52
 689400.00      -0.69       3.35
 689760.00      -0.82       3.35
 690120.00      -0.82       3.52
 690480.00      -0.79       3.84
 690840.00      -0.77       3.50
 691200.00      -0.66       3.50
 691560.00      -0.66       3.50
 691920.00      -0.74       3.57
 692280.00      -0.84       3.84
 692640.00      -0.84       4.14
 693000.00      -0.84       4.23
 693360.00      -0.77       4.26
 693720.00      -0.70       4.23
 694080.00      -0.68       4.26
 694440.00      -0.67       4.43
 694800.00      -0.71       4.43
 695160.00      -0.71       4.43
 695520.00      -0.67       4.26
 695880.00      -0.67       4.18
 696240.00      -0.70       4.09
 696600.00      -0.70       3.84
 696960.00      -0.68       3.34
 697320.00      -0.70       3.25
 697680.00      -0.71       3.25
 698040.00      -0.71       2.99
 698400.00      -0.71       2.95
 698760.00      -0.71       2.95
 699120.00      -0.74       2.79
 699480.00      -0.74       2.83
 699840.00      -0.70       3.04
 700200.00      -0.76       3.09
 700560.00      -0.76       3.09
 700920.00      -0.75       3.04
 701280.00      -0.60       3.04
 701640.00      -0.49       3.09
 702000.00      -0.43       3.09
 702360.00      -0.43       2.99
 702720.00      -0.34       2.99
 703080.00      -0.43       2.88
 703440.00      -0.48       2.83
 703800.00      -0.43       2.79
 704160.00      -0.31       2.74
 704520.00      -0.31       2.64
 704880.00      -0.31       2.57
 705240.00      -0.06       2.44
 705600.00       0.04       2.28
 705960.00       0.04       2.09
 706320.00      -0.13       1.92
 706680.00      -0.13       1.86
 707040.00      -0.13       1.67
 707400.00      -0.32       1.67
 707760.00      -0.33       1.67
 708120.00      -0.33       1.86
 708480.00      -0.32       1.92
 708840.00      -0.32       1.92
 709200.00      -0.32       2.03
 709560.00      -0.03       2.13
 709920.00       0.31       2.23
 710280.00       0.38       2.33
 710640.00       0.42       2.47
 711000.00       0.42       2.47
 711360.00       0.53       2.44
 711720.00       0.65       2.44
 712080.00       0.65       2.44
 712440.00       0.57       2.48
 712800.00       0.57       2.59
 713160.00       0.68       2.48
 713520.00       0.68       2.48
 713880.00       0.67       2.48
 714240.00       0.57       2.44
 714600.00       0.57       2.46
 714960.00       0.51       2.44
 715320.00       0.51       2.44
 715680.00       0.57       2.44
 716040.00       0.63       2.39
 716400.00       0.61       2.39
 716760.00       0.58       2.34
 717120.00       0.55       2.34
 717480.00       0.55       2.34
 717840.00       0.55       2.33
 718200.00       0.56       2.33
 718560.00       0.56       2.34
 718920.00       0.51       2.34
 719280.00       0.50       2.34
 719640.00       0.50       2.34
 720000.00       0.50       2.23
 720360.00       0.37       2.11
 720720.00       0.23       2.01
 721080.00       0.28       1.95
 721440.00       0.35       1.91
 721800.00       0.30       1.90
 722160.00       0.30       1.85
 722520.00       0.30       1.85
 722880.00       0.20       1.75
 723240.00       0.15       1.75
 723600.00       0.11       1.75
 723960.00       0.06       1.75
 724320.00       0.04       1.75
 724680.00       0.04       1.75
 725040.00       0.04       1.80
 725400.00       0.04       1.85
 725760.00       0.07       1.92
 726120.00       0.14       1.96
 726480.00       0.17       1.98
 726840.00       0.26       2.03
 727200.00       0.41       2.11
 727560.00       0.54       2.16
 727920.00       0.61       2.22
 728280.00       0.68       2.38
 728640.00       0.80       2.56
 729000.00       0.87       2.56
 729360.00       1.08       2.56
 729720.00       1.31       2.59
 730080.00       1.31       2.59
 730440.00       1.31       2.60
 730800.00       1.31       2.59
 731160.00       1.31       2.46
 731520.00       1.02       2.46
 731880.00       0.60       2.32
 732240.00       0.32       2.32
 732600.00       0.24       2.44
 732960.00       0.14       2.58
 733320.00       0.14       2.59
 733680.00       0.14       2.79
 734040.00       0.14       2.87
 734400.00       0.18       2.87
 734760.00       0.18       2.87
 735120.00       0.18       2.87
 735480.00       0.27       3.04
 735840.00       0.34       3.04
 736200.00       0.43       3.08
 736560.00       0.43       3.09
 736920.00       0.40       2.91
 737280.00       0.40       2.89
 737640.00       0.40       3.03
 738000.00       0.48       3.10
 738360.00       0.52       3.20
 738720.00       0.65       3.28
 739080.00       0.88       3.37
 739440.00       0.94       3.37
 739800.00       1.03       3.46
 740160.00       1.22       3.46
 740520.00       1.48       3.46
 740880.00       1.64       3.62
 741240.00       2.00       3.62
 741600.00       2.39       3.62
 741960.00       2.79       3.92
 742320.00       3.15       3.92
 742680.00       3.15       3.92
 743040.00       3.15       4.21
 743400.00       3.02       4.62
 743760.00       3.08       4.68
 744120.00       3.08       4.68
 744480.00       3.15       4.68
 744840.00       3.32       4.68
 745200.00       3.19       4.68
 745560.00       3.16       4.37
 745920.00       3.16       4.22
 746280.00       3.49       4.10
 746640.00       3.83       3.72
 747000.00       4.03       3.37
 747360.00       4.03       3.26
 747720.00       4.03       3.26
 748080.00       3.88       3.16
 748440.00       3.76       3.16
 748800.00       3.76       3.13
 749160.00       3.76       3.16
 749520.00       3.66       3.16
 749880.00       3.66       3.16
 750240.00       3.30       3.22
 750600.00       3.19       3.34
 750960.00       3.04       3.52
 751320.00       2.95       3.57
 751680.00       2.60       3.57
 752040.00       2.60       3.57
 752400.00       2.11       3.74
 752760.00       2.11       3.74
 753120.00       2.60       3.74
 753480.00       2.60       3.57
 753840.00       2.11       3.52
 754200.00       2.11       3.51
 754560.00       2.11       3.09
 754920.00       2.35       2.46
 755280.00       2.44       2.12
 755640.00       2.74       1.98
 756000.00       3.25       1.91
 756360.00       3.58       1.66
 756720.00       3.68       1.44
 757080.00       3.68       1.44
 757440.00       4.01       1.29
 757800.00       4.25       1.44
 758160.00       4.25       1.53
 758520.00       4.28       1.46
 758880.00       4.28       1.46
 759240.00       4.31       1.46
 759600.00       4.36       1.55
 759960.00       4.36       1.55
 760320.00       4.32       1.55
 760680.00       4.31       1.51
 761040.00       4.27       1.55
 761400.00       4.21       1.55
 761760.00       4.21       1.55
 762120.00       4.09       1.56
 762480.00       3.74       1.59
 762840.00       3.23       1.76
 763200.00       3.11       1.88
 763560.00       3.06       1.88
 763920.00       3.06       1.88
 764280.00       3.06       1.88
 764640.00       3.11       1.82
 765000.00       3.23       1.75
 765360.00       3.76       1.75
 765720.00       4.24       1.75
 766080.00       4.24       1.73
 766440.00       4.24       1.67
 766800.00       4.25       1.67
 767160.00       4.28       1.66
 767520.00       4.43       1.61
 767880.00       4.28       1.61
 768240.00       4.24       1.61
 768600.00       4.21       1.61
 768960.00       4.12       1.61
 769320.00       4.01       1.66
 769680.00       3.77       1.66
 770040.00       3.59       1.70
 770400.00       3.55       1.70
 770760.00       3.45       1.74
 771120.00       3.36       1.74
 771480.00       3.32       1.78
 771840.00       3.18       1.80
 772200.00       3.18       1.80
 772560.00       2.97       1.78
 772920.00       2.69       1.75
 773280.00       2.44       1.70
 773640.00       2.29       1.75
 774000.00       2.18       1.69
 774360.00       1.99       1.68
 774720.00       1.73       1.60
 775080.00       1.60       1.51
 775440.00       1.60       1.51
 775800.00       1.60       1.51
 776160.00       1.60       1.58
 776520.00       1.73       1.58
 776880.00       1.94       1.58
 777240.00       2.06       1.58
 777600.00       2.13       1.62
 777960.00       2.38       1.70
 778320.00       2.69       1.82
 778680.00       2.81       1.93
 779040.00       2.81       2.06
 779400.00       2.93       2.20
 779760.00       2.99       2.30
 780120.00       2.99       2.34
 780480.00       2.99       2.37
 780840.00       2.91       2.46
 781200.00       2.78       2.46
 781560.00       2.59       2.46
 781920.00       2.28       2.54
 782280.00       2.08       2.58
 782640.00       1.94       2.54
 783000.00       1.74       2.50
 783360.00       1.56       2.42
 783720.00       1.34       2.34
 784080.00       1.19       2.29
 784440.00       1.18       2.29
 784800.00       1.18       2.37
 785160.00       1.18       2.43
 785520.00       1.18       2.43
 785880.00       1.22       2.35
 786240.00       1.24       2.35
 786600.00       1.25       2.44
 786960.00       1.28       2.50
 787320.00       1.33       2.50
 787680.00       1.33       2.50
 788040.00       1.42       2.53
 788400.00       1.35       2.53
 788760.00       1.38       2.57
 789120.00       1.40       2.57
 789480.00       1.45       2.60
 789840.00       1.45       2.68
 790200.00       1.40       2.68
 790560.00       1.40       2.78
 790920.00       1.45       2.86
 791280.00       1.49       2.86
 791640.00       1.51       2.86
 792000.00       1.52       2.87
 792360.00       1.56       2.93
 792720.00       1.75       2.97
 793080.00       1.86       2.97
 793440.00       1.97       3.03
 793800.00       2.06       3.07
 794160.00       2.09       3.07
 794520.00       2.20       3.07
 794880.00       2.31       3.11
 795240.00       2.34       3.14
 795600.00       2.31       3.15
 795960.00       2.31       3.14
 796320.00       2.31       3.14
 796680.00       2.31       3.15
 797040.00       2.31       3.15
 797400.00       2.31       3.15
 797760.00       2.17       3.10
 798120.00       2.16       3.01
 798480.00       2.16       2.94
 798840.00       1.98       2.90
 799200.00       1.98       2.90
 799560.00       1.95       2.85
 799920.00       1.95       2.85
 800280.00       2.00       2.79
 800640.00       2.00       2.78
 801000.00       2.08       2.84
 801360.00       2.08       2.78
 801720.00       2.00       2.78
 802080.00       1.96       2.78
 802440.00       1.96       2.78
 802800.00       1.86       2.78
 803160.00       1.86       2.75
 803520.00       1.86       2.75
 803880.00       1.86       2.71
 804240.00       1.92       2.71
 804600.00       1.92       2.71
 804960.00       2.41       2.81
 805320.00       2.90       2.81
 805680.00       3.14       2.71
 806040.00       3.30       2.69
 806400.00       3.49       2.65
 806760.00       3.53       2.41
 807120.00       3.53       2.17
 807480.00       3.53       2.09
 807840.00       3.53       2.04
 808200.00       3.40       1.96
 808560.00       3.14       1.91
 808920.00       2.65       1.91
 809280.00       2.37       1.91
 809640.00       2.37       1.93
 810000.00       2.37       1.98
 810360.00       2.36       1.99
 810720.00       2.36       2.24
 811080.00       2.36       2.55
 811440.00       2.53       2.55
 811800.00       2.70       2.55
 812160.00       2.86       2.55
 812520.00       3.01       2.24
 812880.00       3.01       2.15
 813240.00       3.01       2.30
 813600.00       2.93       2.15
 813960.00       2.93       1.99
 814320.00       2.90       1.99
 814680.00       2.90       1.99
 815040.00       2.67       2.01
 815400.00       2.45       2.17
 815760.00       2.36       2.25
 816120.00       2.24       2.30
 816480.00       2.17       2.43
 816840.00       1.99       2.55
 817200.00       1.53       2.77
 817560.00       1.12       3.00
 817920.00       0.97       3.17
 818280.00       0.89       3.32
 818640.00       0.89       3.36
 819000.00       0.83       3.41
 819360.00       0.83       3.51
 819720.00       0.84       3.51
 820080.00       0.84       3.47
 820440.00       0.89       3.54
 820800.00       0.98       3.54
 821160.00       1.04       3.56
 821520.00       1.27       3.56
 821880.00       1.73       3.38
 822240.00       1.98       3.31
 822600.00       2.03       3.14
 822960.00       2.30       2.99
 823320.00       2.51       2.94
 823680.00       2.67       2.87
 824040.00       2.87       2.71
 824400.00       2.97       2.50
 824760.00       3.03       2.39
 825120.00       3.44       2.34
 825480.00       3.95       2.26
 825840.00       4.23       2.26
 826200.00       4.69       2.18
 826560.00       5.03       2.16
 826920.00       5.27       2.14
 827280.00       5.51       2.02
 827640.00       5.62       1.88
 828000.00       6.09       1.86
 828360.00       6.34       1.86
 828720.00       7.07       1.81
 829080.00       7.85       1.80
 829440.00       8.25       1.68
 829800.00       8.25       1.57
 830160.00       8.31       1.57
 830520.00       8.40       1.42
 830880.00       8.26       1.57
 831240.00       8.15       1.57
 831600.00       8.05       1.57
 831960.00       8.05       1.57
 832320.00       8.05       1.57
 832680.00       7.80       1.42
 833040.00       7.62       1.42
 833400.00       7.62       1.37
 833760.00       7.62       1.37
 834120.00       7.62       1.50
 834480.00       7.82       1.50
 834840.00       7.62       1.63
 835200.00       7.56       1.90
 835560.00       7.62       2.05
 835920.00       7.65       2.05
 836280.00       8.07       2.05
 836640.00       8.33       2.05
 837000.00       8.33       2.05
 837360.00       7.92       1.78
 837720.00       7.92       1.48
 838080.00       7.92       1.13
 838440.00       8.33       0.70
 838800.00       8.67       0.70
 839160.00       8.67       0.70
 839520.00       8.67       0.76
 839880.00       8.77       0.59
 840240.00       9.12       0.49
 840600.00       9.12       0.59
 840960.00       9.12       0.59
 841320.00       9.27       0.55
 841680.00       9.27       0.55
 842040.00       9.12       0.77
 842400.00       9.04       0.79
 842760.00       9.04       0.55
 843120.00       9.04       0.73
 843480.00       8.80       1.08
 843840.00       8.71       1.09
 844200.00       8.71       1.09
 844560.00       8.80       1.09
 844920.00       8.71       1.16
 845280.00       8.46       1.16
 845640.00       8.46       1.16
 846000.00       8.47       1.16
 846360.00       8.47       1.21
 846720.00       8.59       1.21
 847080.00       8.34       1.42
 847440.00       8.60       1.63
 847800.00       8.60       1.63
 848160.00       8.34       1.76
 848520.00       8.34       1.98
 848880.00       8.18       2.32
 849240.00       8.18       2.32
 849600.00       8.18       2.54
 849960.00       7.84       2.54
 850320.00       7.82       2.54
 850680.00       7.82       2.32
 851040.00       7.61       2.54
 851400.00       7.82       2.09
 851760.00       7.82       2.02
 852120.00       7.82       1.95
 852480.00       7.65       1.95
 852840.00       7.43       2.30
 853200.00       7.07       2.24
 853560.00       6.86       2.24
 853920.00       6.86       2.24
 854280.00       6.86       2.24
 854640.00       7.43       2.07
 855000.00       6.86       2.07
 855360.00       6.69       1.88
 855720.00       6.86       1.85
 856080.00       6.82       1.85
 856440.00       6.89       1.85
 856800.00       6.89       1.85
 857160.00       7.14       1.85
 857520.00       6.72       1.85
 857880.00       6.63       1.87
 858240.00       6.43       1.85
 858600.00       6.09       1.79
 858960.00       6.09       1.81
 859320.00       5.87       1.88
 859680.00       5.87       1.86
 860040.00       5.72       1.86
 860400.00       5.61       1.86
 860760.00       5.51       1.86
 861120.00       5.05       1.86
 861480.00       4.66       1.86
 861840.00       4.66       1.96
 862200.00       4.65       2.04
 862560.00       4.62       2.04
 862920.00       4.62       2.08
 863280.00       4.62       2.18
 863640.00       4.62       2.18
 864000.00       4.62       2.29
 864360.00       4.71       2.29
 864720.00       4.78       2.35
 865080.00       4.78       2.31
 865440.00       4.71       2.23
 865800.00       4.80       2.23
 866160.00       4.86       2.26
 866520.00       5.04       2.26
 866880.00       5.04       2.26
 867240.00       5.84       2.26
 867600.00       6.50       2.21
 867960.00       6.52       2.26
 868320.00       6.52       2.26
 868680.00       6.70       2.32
 869040.00       6.87       2.33
 869400.00       6.87       2.33
 869760.00       6.70       2.32
 870120.00       6.52       2.32
 870480.00       6.31       2.31
 870840.00       6.07       2.31
 871200.00       5.96       2.33
 871560.00       5.79       2.31
 871920.00       5.79       2.31
 872280.00       5.69       2.31
 872640.00       5.52       2.31
 873000.00       5.21       2.45
 873360.00       4.99       2.58
 873720.00       4.93       2.61
 874080.00       4.68       2.61
 874440.00       4.68       2.70
 874800.00       4.68       2.75
 875160.00       4.93       2.75
 875520.00       4.99       2.75
 875880.00       5.11       2.66
 876240.00       5.26       2.57
 876600.00       5.50       2.51
 876960.00       5.74       2.32
 877320.00       5.80       2.12
 877680.00       5.86       2.12
 878040.00       5.86       2.06
 878400.00       6.05       2.00
 878760.00       6.16       1.88
 879120.00       6.16       1.88
 879480.00       6.34       1.88
 879840.00       6.34       1.88
 880200.00       6.34       1.94
 880560.00       6.56       2.00
 880920.00       6.34       2.00
 881280.00       6.41       2.00
 881640.00       6.24       2.00
 882000.00       6.21       2.09
 882360.00       6.21       2.14
 882720.00       6.19       2.09
 883080.00       6.10       2.14
 883440.00       5.78       2.19
 883800.00       5.39       2.23
 884160.00       4.96       2.32
 884520.00       4.49       2.32
 884880.00       4.49       2.32
 885240.00       4.49       2.32
 885600.00       4.49       2.25
 885960.00       4.49       2.23
 886320.00       4.68       2.23
 886680.00       4.98       2.23
 887040.00       5.22       2.21
 887400.00       5.26       2.21
 887760.00       5.26       2.21
 888120.00       5.31       2.24
 888480.00       5.35       2.26
 888840.00       5.43       2.34
 889200.00       5.53       2.42
 889560.00       5.43       2.42
 889920.00       5.35       2.42
 890280.00       5.31       2.48
 890640.00       5.25       2.55
 891000.00       5.06       2.57
 891360.00       5.06       2.57
 891720.00       4.88       2.55
 892080.00       4.85       2.49
 892440.00       4.61       2.49
 892800.00       4.39       2.50
 893160.00       4.39       2.57
 893520.00       4.39       2.62
 893880.00       4.39       2.73
 894240.00       4.39       2.71
 894600.00       4.58       2.67
 894960.00       4.89       2.67
 895320.00       5.02       2.72
 895680.00       5.34       2.72
 896040.00       5.61       2.62
 896400.00       5.61       2.56
 896760.00       5.64       2.56
 897120.00       5.69       2.49
 897480.00       5.65       2.49
 897840.00       5.65       2.46
 898200.00       5.77       2.46
 898560.00       5.65       2.44
 898920.00       5.70       2.44
 899280.00       5.70       2.36
 899640.00       5.98       2.36
 900000.00       6.18       2.36
 900360.00       6.10       2.36
 900720.00       6.10       2.28
 901080.00       6.10       2.28
 901440.00       6.10       2.43
 901800.00       5.77       2.57
 902160.00       6.10       2.63
 902520.00       6.01       2.70
 902880.00       5.98       2.70
 903240.00       5.69       2.70
 903600.00       5.69       2.75
 903960.00       5.71       2.63
 904320.00       6.02       2.63
 904680.00       6.27       2.75
 905040.00       6.28       2.66
 905400.00       6.28       2.71
 905760.00       6.04       2.71
 906120.00       6.02       2.71
 906480.00       5.95       2.72
 906840.00       5.95       2.79
 907200.00       5.95       2.79
 907560.00       5.95       2.82
 907920.00       5.95       2.84
 908280.00       5.95       2.82
 908640.00       5.82       2.82
 909000.00       5.75       2.83
 909360.00       6.02       2.82
 909720.00       6.20       2.85
 910080.00       6.20       2.85
 910440.00       6.20       2.79
 910800.00       6.28       2.79
 911160.00       6.23       2.72
 911520.00       6.23       2.67
 911880.00       6.23       2.69
 912240.00       6.31       2.67
 912600.00       6.42       2.63
 912960.00       6.55       2.63
 913320.00       6.42       2.48
 913680.00       6.42       2.27
 914040.00       6.42       2.31
 914400.00       6.31       2.17
 914760.00       6.42       2.17
 915120.00       6.52       2.17
 915480.00       6.52       2.15
 915840.00       6.73       2.13
 916200.00       6.73       2.17
 916560.00       7.06       2.17
 916920.00       7.56       2.17
 917280.00       7.82       2.06
 917640.00       8.32       2.03
 918000.00       8.86       2.12
 918360.00       8.86       1.96
 918720.00       9.01       1.96
 919080.00       9.19       1.80
 919440.00       9.19       1.92
 919800.00       9.86       1.67
 920160.00      10.57       1.92
 920520.00      10.86       2.23
 920880.00      10.57       2.23
 921240.00      10.30       2.50
 921600.00      10.30       2.49
 921960.00      10.30       2.49
 922320.00      10.30       2.49
 922680.00      10.23       2.61
 923040.00      10.23       2.61
 923400.00      10.23       2.61
 923760.00      10.23       2.63
 924120.00      10.16       2.34
 924480.00      10.17       2.34
 924840.00      10.08       1.92
 925200.00      10.08       1.26
 925560.00       9.88       0.60
 925920.00       9.88      -0.27
 926280.00      10.06      -0.33
 926640.00      10.06      -0.33
 927000.00      10.06      -0.33
 927360.00       9.99      -0.61
 927720.00      10.37      -0.61
 928080.00      10.43       0.03
 928440.00      10.43       0.46
 928800.00      10.68       0.73
 929160.00      10.84       0.98
 929520.00      10.90       1.18
 929880.00      10.90       1.36
 930240.00      11.04       1.36
 930600.00      11.35       1.18
 930960.00      11.58       1.18
 931320.00      11.64       0.92
 931680.00      11.69       0.68
 932040.00      11.78       0.49
 932400.00      12.06       0.09
 932760.00      12.27      -0.22
 933120.00      12.27      -0.55
 933480.00      12.06      -0.78
 933840.00      12.42      -1.15
 934200.00      12.69      -1.15
 934560.00      12.69      -1.15
 934920.00      12.94      -1.15
 935280.00      13.09      -1.10
 935640.00      13.07      -0.64
 936000.00      13.03      -0.43
 936360.00      12.90       0.03
 936720.00      12.90       0.25
 937080.00      12.90       0.54
 937440.00      12.90       0.54
 937800.00      12.89       0.65
 938160.00      12.89       0.48
 938520.00      12.43       0.25
 938880.00      11.84       0.48
 939240.00      11.54       0.48
 939600.00      11.52       0.65
 939960.00      11.57       0.36
 940320.00      11.52       0.35
 940680.00      11.52       0.35
 941040.00      11.52       0.35
 941400.00      11.52       0.05
 941760.00      11.52      -0.04
 942120.00      11.77       0.02
 942480.00      11.99      -0.14
 942840.00      12.08      -0.33
 943200.00      12.28      -0.40
 943560.00      12.28      -0.40
 943920.00      12.28      -0.40
 944280.00      12.28      -0.40
 944640.00      12.28      -0.40
 945000.00      12.32      -0.40
 945360.00      12.47      -0.49
 945720.00      12.47      -0.49
 946080.00      12.47      -0.43
 946440.00      12.08      -0.31
 946800.00      11.39      -0.27
 947160.00      11.14      -0.26
 947520.00      11.14      -0.07
 947880.00      11.14       0.12
 948240.00      10.79       0.34
 948600.00      10.43       0.58
 948960.00      10.33       0.65
 949320.00      10.18       0.72
 949680.00      10.27       0.72
 950040.00      10.07       0.90
 950400.00       9.73       0.98
 950760.00       9.19       1.17
 951120.00       8.77       1.39
 951480.00       8.63       1.48
 951840.00       8.63       1.55
 952200.00       8.63       1.70
 952560.00       8.63       1.84
 952920.00       8.29       1.94
 953280.00       7.93       2.07
 953640.00       7.93       2.20
 954000.00       8.08       2.20
 954360.00       8.08       2.19
 954720.00       8.08       2.08
 955080.00       8.08       2.08
 955440.00       8.08       2.08
 955800.00       7.98       1.97
 956160.00       7.99       1.92
 956520.00       8.06       1.76
 956880.00       8.06       1.61
 957240.00       8.04       1.52
 957600.00       8.04       1.52
 957960.00       8.11       1.52
 958320.00       8.11       1.52
 958680.00       8.21       1.54
 959040.00       8.16       1.58
 959400.00       8.28       1.53
 959760.00       8.40       1.53
 960120.00       8.55       1.53
 960480.00       8.64       1.53
 960840.00       8.80       1.53
 961200.00       8.96       1.45
 961560.00       9.12       1.38
 961920.00       9.70       1.21
 962280.00      10.29       0.94
 962640.00      10.43       0.29
 963000.00      11.18      -0.29
 963360.00      11.47      -0.52
 963720.00      11.97      -0.78
 964080.00      11.97      -0.88
 964440.00      11.97      -0.88
 964800.00      11.86      -0.78
 965160.00      11.86      -0.78
 965520.00      11.42      -0.78
 965880.00      11.15      -0.37
 966240.00      11.08       0.11
 966600.00      10.53       0.11
 966960.00       9.70       0.22
 967320.00       9.39       0.29
 967680.00       9.29       0.37
 968040.00       9.14       0.43
 968400.00       9.04       0.50
 968760.00       8.96       0.75
 969120.00       8.49       0.99
 969480.00       7.73       1.35
 969840.00       6.89       1.82
 970200.00       6.16       2.08
 970560.00       5.95       2.28
 970920.00       5.91       2.44
 971280.00       5.91       2.49
 971640.00       5.91       2.51
 972000.00       5.91       2.51
 972360.00       5.95       2.56
 972720.00       5.95       2.59
 973080.00       5.98       2.61
 973440.00       5.98       2.60
 973800.00       6.18       2.60
 974160.00       6.44       2.54
 974520.00       6.55       2.54
 974880.00       6.55       2.52
 975240.00       6.55       2.52
 975600.00       6.71       2.62
 975960.00       6.71       2.56
 976320.00       6.71       2.50
 976680.00       6.85       2.50
 977040.00       6.95       2.59
 977400.00       7.11       2.66
 977760.00       7.16       2.77
 978120.00       7.41       2.66
 978480.00       7.58       2.70
 978840.00       7.63       2.87
 979200.00       7.67       2.87
 979560.00       7.97       3.02
 979920.00       8.28       3.02
 980280.00       8.41       3.02
 980640.00       8.48       2.92
 981000.00       8.28       2.77
 981360.00       8.28       2.60
 981720.00       8.22       2.59
 982080.00       8.22       2.36
 982440.00       8.06       2.24
 982800.00       8.06       2.23
 983160.00       7.95       2.18
 983520.00       7.81       2.18
 983880.00       7.77       2.18
 984240.00       7.77       2.23
 984600.00       7.67       2.20
 984960.00       7.59       2.04
 985320.00       7.45       2.04
 985680.00       7.52       2.19
 986040.00       7.41       2.19
 986400.00       7.26       2.04
 986760.00       7.26       2.04
 987120.00       7.30       1.90
 987480.00       7.30       1.78
 987840.00       7.30       1.68
 988200.00       7.38       1.64
 988560.00       7.45       1.64
 988920.00       7.49       1.52
 989280.00       7.52       1.35
 989640.00       7.54       1.14
 990000.00       7.62       0.83
 990360.00       7.76       0.79
 990720.00       8.01       0.76
 991080.00       8.43       0.73
 991440.00       8.74       0.33
 991800.00       9.60      -0.61
 992160.00      10.48      -1.17
 992520.00      10.67      -1.24
 992880.00      11.26      -1.79
 993240.00      12.04      -2.13
 993600.00      12.37      -2.42
 993960.00      12.37      -2.59
 994320.00      12.64      -2.72
 994680.00      12.69      -2.88
 995040.00      12.92      -3.05
 995400.00      13.16      -3.05
 995760.00      13.16      -3.08
 996120.00      12.82      -2.92
 996480.00      12.82      -2.92
 996840.00      12.82      -3.08
 997200.00      13.04      -3.08
 997560.00      13.23      -2.86
 997920.00      12.94      -2.86
 998280.00      13.23      -2.86
 998640.00      13.23      -2.67
 999000.00      13.23      -2.70
 999360.00      13.23      -2.70
 999720.00      13.23      -2.97
1000080.00      13.46      -3.19
1000440.00      13.36      -3.27
1000800.00      13.06      -3.54
1001160.00      12.94      -3.76
1001520.00      12.94      -3.82
1001880.00      12.88      -3.84
1002240.00      12.76      -3.90
1002600.00      12.71      -3.99
1002960.00      12.71      -4.06
1003320.00      12.71      -4.18
1003680.00      12.71      -4.31
1004040.00      12.58      -4.53
1004400.00      12.62      -4.53
1004760.00      12.44      -4.53
1005120.00      12.62      -4.53
1005480.00      12.75      -4.74
1005840.00      12.75      -4.94
1006200.00      12.62      -5.73
1006560.00      12.60      -6.43
1006920.00      12.74      -6.43
1007280.00      12.60      -6.45
1007640.00      12.87      -6.78
1008000.00      12.65      -6.92
1008360.00      12.65      -7.07
1008720.00      12.65      -7.07
1009080.00      12.65      -6.95
1009440.00      12.89      -6.58
1009800.00      12.89      -6.58
1010160.00      13.07      -5.86
1010520.00      13.07      -5.17
1010880.00      13.11      -4.87
1011240.00      13.11      -4.87
1011600.00      13.32      -4.87
1011960.00      13.32      -4.64
1012320.00      13.32      -4.64
1012680.00      13.11      -4.64
1013040.00      13.08      -4.87
1013400.00      13.08      -5.02
1013760.00      12.98      -4.91
1014120.00      12.98      -5.02
1014480.00      12.98      -5.02
1014840.00      13.25      -5.02
1015200.00      13.25      -4.52
1015560.00      12.99      -5.07
1015920.00      12.82      -5.07
1016280.00      12.88      -4.52
1016640.00      13.32      -4.06
1017000.00      13.58      -3.76
1017360.00      13.71      -3.30
1017720.00      13.78      -2.72
1018080.00      13.75      -2.65
1018440.00      13.70      -2.65
1018800.00      13.53      -2.65
1019160.00      13.53      -2.65
1019520.00      13.53      -2.72
1019880.00      13.53      -2.72
1020240.00      13.15      -2.74
1020600.00      12.78      -2.74
1020960.00      12.70      -2.90
1021320.00      12.65      -2.99
1021680.00      12.49      -3.02
1022040.00      12.10      -3.17
1022400.00      11.85      -3.25
1022760.00      11.68      -3.34
1023120.00      11.68      -3.74
1023480.00      11.47      -4.17
1023840.00      11.47      -3.81
1024200.00      11.40      -4.17
1024560.00      11.40      -4.16
1024920.00      11.44      -4.16
1025280.00      11.89      -4.29
1025640.00      12.33      -4.29
1026000.00      12.43      -4.38
1026360.00      12.43      -4.54
1026720.00      12.43      -4.54
1027080.00      12.65      -4.73
1027440.00      12.72      -4.73
1027800.00      12.72      -4.97
1028160.00      12.78      -4.97
1028520.00      12.78      -5.10
1028880.00      12.95      -5.21
1029240.00      12.64      -4.97
1029600.00      12.60      -4.97
1029960.00      12.60      -4.85
1030320.00      12.15      -4.85
1030680.00      12.15      -4.77
1031040.00      11.88      -4.77
1031400.00      11.79      -4.56
1031760.00      11.61      -4.46
1032120.00      11.22      -4.17
1032480.00      10.76      -4.02
1032840.00      10.35      -3.71
1033200.00       9.98      -3.20
1033560.00       9.63      -2.83
1033920.00       9.49      -2.50
1034280.00       9.49      -2.48
1034640.00       9.49      -2.48
1035000.00       9.49      -2.48
1035360.00       9.33      -2.17
1035720.00       9.33      -1.96
1036080.00       9.02      -1.80
1036440.00       9.02      -1.44
