WIND
 2880
      0.00       0.79       1.04
    360.00       1.58       2.09
    720.00       1.58       2.22
   1080.00       1.58       2.36
   1440.00       1.58       2.47
   1800.00       1.58       2.59
   2160.00       1.58       2.66
   2520.00       1.58       2.84
   2880.00       1.58       3.00
   3240.00       1.59       3.07
   3600.00       1.59       3.16
   3960.00       1.77       3.25
   4320.00       1.98       3.32
   4680.00       1.98       3.34
   5040.00       1.98       3.34
   5400.00       1.98       3.34
   5760.00       1.98       3.34
   6120.00       1.75       3.35
   6480.00       1.45       3.35
   6840.00       1.38       3.39
   7200.00       1.38       3.39
   7560.00       1.38       3.37
   7920.00       1.38       3.32
   8280.00       1.38       3.32
   8640.00       1.46       3.41
   9000.00       1.60       3.52
   9360.00       1.74       3.52
   9720.00       1.80       3.52
  10080.00       1.88       3.56
  10440.00       1.93       3.58
  10800.00       1.93       3.63
  11160.00       1.93       3.67
  11520.00       1.93       3.67
  11880.00       1.93       3.63
  12240.00       1.96       3.55
  12600.00       1.90       3.46
  12960.00       1.85       3.42
  13320.00       1.82       3.30
  13680.00       1.77       3.14
  14040.00       1.75       3.14
  14400.00       1.71       2.97
  14760.00       1.70       2.89
  15120.00       1.65       2.85
  15480.00       1.51       2.83
  15840.00       1.40       2.75
  16200.00       1.15       2.75
  16560.00       1.06       2.52
  16920.00       1.06       2.31
  17280.00       1.06       2.25
  17640.00       1.06       2.17
  18000.00       1.04       2.01
  18360.00       1.16       1.86
  18720.00       1.20       1.74
  19080.00       1.26       1.67
  19440.00       1.35       1.67
  19800.00       1.41       1.67
  20160.00       1.49       1.67
  20520.00       1.59       1.67
  20880.00       1.59       1.81
  21240.00       1.63       2.00
  21600.00       1.64       2.07
  21960.00       1.66       2.13
  22320.00       1.73       2.19
  22680.00       1.87       2.19
  23040.00       1.97       2.19
  23400.00       1.99       2.19
  23760.00       1.99       2.19
  24120.00       1.99       2.13
  24480.00       1.99       1.97
  24840.00       1.97       1.81
  25200.00       1.72       1.79
  25560.00       1.43       1.79
  25920.00       1.20       1.78
  26280.00       0.97       1.78
  26640.00       0.95       1.79
  27000.00       0.95       1.74
  27360.00       0.95       1.69
  27720.00       0.95       1.66
  28080.00       0.98       1.69
  28440.00       0.98       1.75
  28800.00       1.00       1.82
  29160.00       1.03       1.92
  29520.00       1.06       2.02
  29880.00       1.16       2.02
  30240.00       1.20       2.02
  30600.00       1.26       2.02
  30960.00       1.24       2.02
  31320.00       1.24       2.02
  31680.00       1.24       1.91
  32040.00       1.24       1.91
  32400.00       1.21       1.91
  32760.00       1.18       1.91
  33120.00       1.18       1.93
  33480.00       1.18       1.93
  33840.00       1.21       2.68
  34200.00       1.21       3.36
  34560.00       1.21       3.36
  34920.00       1.24       3.39
  35280.00       1.26       3.43
  35640.00       1.31       3.49
  36000.00       1.33       3.49
  36360.00       1.33       3.51
  36720.00       1.38       3.55
  37080.00       1.44       3.58
  37440.00       1.45       3.67
  37800.00       1.45       3.67
  38160.00       1.46       3.78
  38520.00       1.49       3.84
  38880.00       1.49       3.88
  39240.00       1.45       3.99
  39600.00       1.45       3.99
  39960.00       1.46       3.99
  40320.00       1.49       3.90
  40680.00       1.46       3.87
  41040.00       1.46       3.87
  41400.00       1.46       3.81
  41760.00       1.42       3.64
  42120.00       1.41       3.31
  42480.00       1.44       3.14
  42840.00       1.46       3.00
  43200.00       1.48       2.78
  43560.00       1.48       2.78
  43920.00       1.45       2.75
  44280.00       1.46       2.75
  44640.00       1.49       2.87
  45000.00       1.56       2.87
  45360.00       1.56       2.92
  45720.00       1.56       2.95
  46080.00       1.56       2.92
  46440.00       1.46       2.95
  46800.00       1.53       2.95
  47160.00       1.53       2.95
  47520.00       1.69       2.97
  47880.00       1.67       2.97
  48240.00       1.66       3.10
  48600.00       1.51       3.10
  48960.00       1.66       3.23
  49320.00       1.73       3.23
  49680.00       1.73       3.27
  50040.00       1.73       3.25
  50400.00       1.66       3.25
  50760.00       1.56       3.23
  51120.00       1.51       3.23
  51480.00       1.51       3.10
  51840.00       1.51       2.74
  52200.00       1.51       2.74
  52560.00       1.51       2.74
  52920.00       1.51       2.49
  53280.00       1.63       2.41
  53640.00       1.82       2.26
  54000.00       1.82       2.26
  54360.00       1.82       2.33
  54720.00       1.82       2.48
  55080.00       2.08       2.33
  55440.00       2.08       2.48
  55800.00       2.40       2.33
  56160.00       2.73       2.33
  56520.00       2.35       2.35
  56880.00       2.29       2.35
  57240.00       2.29       2.68
  57600.00       2.29       2.40
  57960.00       2.30       2.27
  58320.00       2.30       2.27
  58680.00       2.18       2.48
  59040.00       1.81       2.48
  59400.00       1.45       2.63
  59760.00       1.45       2.63
  60120.00       1.42       2.67
  60480.00       1.42       3.02
  60840.00       1.38       3.02
  61200.00       1.38       3.35
  61560.00       1.24       3.39
  61920.00       1.24       3.39
  62280.00       1.17       3.39
  62640.00       1.17       3.35
  63000.00       0.87       3.05
  63360.00       0.32       1.45
  63720.00       0.04      -0.46
  64080.00      -0.42      -1.89
  64440.00      -0.89      -2.29
  64800.00      -0.89      -2.29
  65160.00      -0.91      -2.89
  65520.00      -1.00      -3.10
  65880.00      -1.21      -3.10
  66240.00      -1.39      -3.12
  66600.00      -1.55      -3.47
  66960.00      -1.77      -3.47
  67320.00      -1.77      -3.47
  67680.00      -1.64      -3.48
  68040.00      -1.61      -3.54
  68400.00      -1.62      -3.54
  68760.00      -1.77      -3.21
  69120.00      -1.77      -3.16
  69480.00      -1.76      -3.08
  69840.00      -1.52      -3.08
  70200.00      -1.44      -3.08
  70560.00      -1.36      -3.08
  70920.00      -1.27      -3.08
  71280.00      -1.27      -2.96
  71640.00      -1.27      -2.85
  72000.00      -1.11      -2.64
  72360.00      -0.94      -2.21
  72720.00      -0.71      -1.44
  73080.00      -0.44      -0.93
  73440.00       0.10      -0.61
  73800.00       0.60      -0.28
  74160.00       0.75       0.35
  74520.00       0.84       2.04
  74880.00       0.90       3.24
  75240.00       1.11       3.46
  75600.00       1.35       3.61
  75960.00       1.35       3.64
  76320.00       1.30       3.82
  76680.00       1.06       3.81
  77040.00       1.06       3.81
  77400.00       1.06       3.81
  77760.00       0.94       3.85
  78120.00       0.91       3.70
  78480.00       0.87       3.64
  78840.00       0.81       3.42
  79200.00       0.81       3.28
  79560.00       0.81       3.03
  79920.00       0.76       2.71
  80280.00       0.76       2.56
  80640.00       0.68       2.71
  81000.00       0.63       2.72
  81360.00       0.47       2.72
  81720.00       0.44       2.72
  82080.00       0.24       2.87
  82440.00       0.13       2.94
  82800.00       0.10       2.94
  83160.00       0.02       3.07
  83520.00       0.02       3.19
  83880.00       0.02       3.33
  84240.00      -0.04       3.33
  84600.00      -0.04       3.36
  84960.00      -0.04       3.46
  85320.00       0.01       3.46
  85680.00       0.01       3.54
  86040.00       0.09       3.65
  86400.00       0.13       3.74
  86760.00       0.16       3.88
  87120.00       0.16       3.88
  87480.00       0.16       4.03
  87840.00       0.23       4.12
  88200.00       0.28       4.19
  88560.00       0.29       4.21
  88920.00       0.33       4.34
  89280.00       0.38       4.67
  89640.00       0.41       5.28
  90000.00       0.48       5.28
  90360.00       0.55       5.68
  90720.00       0.57       5.74
  91080.00       0.58       5.74
  91440.00       0.58       5.80
  91800.00       0.57       5.68
  92160.00       0.60       5.68
  92520.00       0.60       5.61
  92880.00       0.57       5.47
  93240.00       0.55       5.43
  93600.00       0.56       5.43
  93960.00       0.52       5.31
  94320.00       0.51       5.11
  94680.00       0.51       5.11
  95040.00       0.52       4.72
  95400.00       0.55       4.69
  95760.00       0.55       4.69
  96120.00       0.53       4.69
  96480.00       0.58       4.69
  96840.00       0.60       5.14
  97200.00       0.63       5.46
  97560.00       0.65       5.46
  97920.00       0.66       5.46
  98280.00       0.69       5.14
  98640.00       0.69       5.14
  99000.00       0.72       5.11
  99360.00       0.77       4.89
  99720.00       0.78       4.89
 100080.00       0.78       4.89
 100440.00       0.78       4.89
 100800.00       0.78       4.89
 101160.00       0.77       4.93
 101520.00       0.77       4.95
 101880.00       0.82       4.97
 102240.00       0.80       4.97
 102600.00       0.80       5.17
 102960.00       0.80       5.17
 103320.00       0.80       5.29
 103680.00       0.89       5.29
 104040.00       0.91       5.35
 104400.00       0.92       5.37
 104760.00       0.94       5.41
 105120.00       1.01       5.29
 105480.00       1.09       5.26
 105840.00       1.20       5.38
 106200.00       1.28       5.26
 106560.00       1.28       5.26
 106920.00       1.28       5.19
 107280.00       1.29       5.26
 107640.00       1.34       5.26
 108000.00       1.41       5.16
 108360.00       1.41       5.16
 108720.00       1.37       5.16
 109080.00       1.44       5.03
 109440.00       1.51       4.92
 109800.00       1.51       4.98
 110160.00       1.53       4.98
 110520.00       1.55       4.95
 110880.00       1.58       4.95
 111240.00       1.58       4.95
 111600.00       1.58       4.96
 111960.00       1.53       4.94
 112320.00       1.53       4.96
 112680.00       1.52       4.94
 113040.00       1.52       4.97
 113400.00       1.53       4.96
 113760.00       1.58       4.96
 114120.00       1.58       4.96
 114480.00       1.58       4.91
 114840.00       1.58       4.80
 115200.00       1.58       4.63
 115560.00       1.61       4.63
 115920.00       1.68       4.63
 116280.00       1.81       4.63
 116640.00       1.86       4.63
 117000.00       1.86       4.63
 117360.00       1.86       4.91
 117720.00       1.82       4.91
 118080.00       1.77       5.10
 118440.00       1.77       5.10
 118800.00       1.77       5.12
 119160.00       1.75       5.10
 119520.00       1.75       4.98
 119880.00       1.70       4.98
 120240.00       1.70       4.84
 120600.00       1.65       4.79
 120960.00       1.65       4.79
 121320.00       1.70       4.79
 121680.00       1.73       4.79
 122040.00       1.64       4.74
 122400.00       1.69       4.66
 122760.00       1.73       4.66
 123120.00       1.73       4.47
 123480.00       1.73       4.10
 123840.00       1.69       3.86
 124200.00       1.69       3.38
 124560.00       1.63       2.58
 124920.00       1.57       2.21
 125280.00       1.54       2.11
 125640.00       1.54       2.05
 126000.00       1.45       1.95
 126360.00       1.36       1.87
 126720.00       1.33       1.87
 127080.00       1.27       1.65
 127440.00       1.33       1.43
 127800.00       1.33       1.26
 128160.00       1.33       1.26
 128520.00       1.33       1.14
 128880.00       1.37       1.14
 129240.00       1.43       1.23
 129600.00       1.52       1.23
 129960.00       1.52       1.23
 130320.00       1.59       1.23
 130680.00       1.61       1.18
 131040.00       1.65       1.18
 131400.00       1.70       1.18
 131760.00       1.85       1.13
 132120.00       1.97       1.04
 132480.00       2.06       0.95
 132840.00       2.16       0.88
 133200.00       2.26       0.83
 133560.00       2.35       0.80
 133920.00       2.44       0.52
 134280.00       2.44       0.11
 134640.00       2.44      -0.12
 135000.00       2.40      -0.21
 135360.00       2.30      -0.32
 135720.00       1.77      -1.21
 136080.00       0.95      -1.89
 136440.00       0.74      -1.89
 136800.00       0.62      -1.89
 137160.00       0.45      -1.89
 137520.00       0.17      -1.89
 137880.00       0.04      -1.80
 138240.00      -0.01      -1.67
 138600.00      -0.16      -1.53
 138960.00      -0.31      -1.50
 139320.00      -0.31      -1.50
 139680.00      -0.31      -1.50
 140040.00      -0.31      -1.53
 140400.00      -0.31      -1.53
 140760.00      -0.26      -1.62
 141120.00      -0.26      -1.79
 141480.00      -0.26      -1.79
 141840.00      -0.30      -1.79
 142200.00      -0.30      -1.79
 142560.00      -0.30      -1.89
 142920.00      -0.52      -1.90
 143280.00      -0.59      -1.95
 143640.00      -0.68      -1.82
 144000.00      -0.68      -1.72
 144360.00      -0.68      -1.68
 144720.00      -0.59      -1.56
 145080.00      -0.42      -1.68
 145440.00      -0.36      -1.62
 145800.00      -0.21      -1.62
 146160.00      -0.21      -1.50
 146520.00      -0.21      -1.41
 146880.00      -0.21      -1.38
 147240.00      -0.21      -1.38
 147600.00      -0.25      -1.47
 147960.00      -0.13      -1.50
 148320.00      -0.13      -1.64
 148680.00      -0.15      -1.79
 149040.00      -0.18      -2.14
 149400.00      -0.33      -2.14
 149760.00      -0.33      -2.14
 150120.00      -0.33      -2.14
 150480.00      -0.30      -2.20
 150840.00      -0.30      -2.20
 151200.00      -0.34      -2.18
 151560.00      -0.38      -2.18
 151920.00      -0.44      -2.18
 152280.00      -0.47      -2.18
 152640.00      -0.52      -2.27
 153000.00      -0.58      -2.36
 153360.00      -0.58      -2.38
 153720.00      -0.68      -2.38
 154080.00      -0.73      -2.37
 154440.00      -0.89      -2.47
 154800.00      -1.14      -2.56
 155160.00      -1.23      -2.56
 155520.00      -1.30      -2.46
 155880.00      -1.37      -2.36
 156240.00      -1.50      -2.36
 156600.00      -1.72      -2.29
 156960.00      -1.72      -2.29
 157320.00      -1.96      -2.29
 157680.00      -2.27      -2.20
 158040.00      -2.75      -2.04
 158400.00      -3.12      -1.89
 158760.00      -3.22      -1.67
 159120.00      -3.31      -1.33
 159480.00      -3.37      -1.06
 159840.00      -3.38      -1.06
 160200.00      -3.42      -1.06
 160560.00      -3.42      -0.89
 160920.00      -3.42      -0.74
 161280.00      -3.42      -0.64
 161640.00      -3.38      -0.44
 162000.00      -3.37      -0.26
 162360.00      -3.38      -0.24
 162720.00      -3.38      -0.24
 163080.00      -3.42      -0.31
 163440.00      -3.33      -0.44
 163800.00      -3.28      -0.60
 164160.00      -3.28      -0.70
 164520.00      -3.30      -0.71
 164880.00      -3.33      -1.10
 165240.00      -3.41      -1.40
 165600.00      -3.61      -1.40
 165960.00      -3.59      -1.41
 166320.00      -3.58      -1.41
 166680.00      -3.71      -1.44
 167040.00      -3.74      -1.44
 167400.00      -3.77      -1.42
 167760.00      -3.94      -1.38
 168120.00      -4.12      -1.33
 168480.00      -4.46      -1.25
 168840.00      -4.75      -1.25
 169200.00      -4.75      -1.34
 169560.00      -4.75      -1.25
 169920.00      -4.80      -1.50
 170280.00      -4.75      -1.25
 170640.00      -4.68      -1.14
 171000.00      -4.68      -1.14
 171360.00      -4.68      -0.95
 171720.00      -4.38      -0.81
 172080.00      -4.38      -0.81
 172440.00      -4.37      -0.81
 172800.00      -4.37      -0.81
 173160.00      -4.48      -0.96
 173520.00      -4.21      -0.72
 173880.00      -4.21      -0.63
 174240.00      -4.31      -0.63
 174600.00      -4.31      -0.63
 174960.00      -4.31      -0.63
 175320.00      -4.31      -0.59
 175680.00      -4.31      -0.59
 176040.00      -4.19      -0.47
 176400.00      -4.19      -0.30
 176760.00      -4.07      -0.07
 177120.00      -4.09      -0.07
 177480.00      -4.09      -0.20
 177840.00      -4.09      -0.44
 178200.00      -4.22      -0.24
 178560.00      -3.91      -0.44
 178920.00      -3.91      -0.69
 179280.00      -3.91      -0.84
 179640.00      -4.29      -1.21
 180000.00      -4.29      -1.21
 180360.00      -4.29      -1.21
 180720.00      -4.16      -1.03
 181080.00      -3.84      -1.27
 181440.00      -3.78      -1.03
 181800.00      -3.78      -1.27
 182160.00      -3.84      -1.27
 182520.00      -4.26      -1.03
 182880.00      -4.27      -1.03
 183240.00      -3.84      -0.77
 183600.00      -4.10      -0.79
 183960.00      -4.10      -0.69
 184320.00      -4.10      -0.64
 184680.00      -4.07      -0.49
 185040.00      -4.53      -0.49
 185400.00      -4.07      -0.23
 185760.00      -3.63      -0.23
 186120.00      -3.63      -0.49
 186480.00      -3.39      -0.23
 186840.00      -3.30      -0.00
 187200.00      -3.28       0.07
 187560.00      -3.22       0.07
 187920.00      -3.30       0.04
 188280.00      -3.22       0.07
 188640.00      -3.22       0.07
 189000.00      -3.04       0.20
 189360.00      -2.93       0.20
 189720.00      -2.84       0.20
 190080.00      -2.84       0.16
 190440.00      -2.93      -0.01
 190800.00      -2.93      -0.52
 191160.00      -2.96      -1.04
 191520.00      -2.96      -1.15
 191880.00      -3.21      -1.44
 192240.00      -3.21      -1.82
 192600.00      -3.47      -1.82
 192960.00      -3.50      -2.12
 193320.00      -3.52      -2.30
 193680.00      -3.67      -2.50
 194040.00      -3.67      -2.60
 194400.00      -3.78      -2.68
 194760.00      -3.78      -2.93
 195120.00      -3.78      -3.18
 195480.00      -3.78      -3.18
 195840.00      -3.78      -3.24
 196200.00      -3.78      -3.24
 196560.00      -3.64      -3.18
 196920.00      -3.49      -2.86
 197280.00      -3.49      -2.63
 197640.00      -3.49      -2.58
 198000.00      -3.41      -2.19
 198360.00      -3.41      -1.87
 198720.00      -3.37      -1.74
 199080.00      -3.37      -1.67
 199440.00      -3.34      -1.58
 199800.00      -3.27      -1.58
 200160.00      -3.27      -1.58
 200520.00      -3.29      -1.58
 200880.00      -3.29      -1.49
 201240.00      -3.37      -1.49
 201600.00      -3.42      -1.36
 201960.00      -3.42      -1.35
 202320.00      -3.35      -1.35
 202680.00      -3.21      -1.23
 203040.00      -3.21      -1.23
 203400.00      -3.33      -1.23
 203760.00      -3.36      -1.23
 204120.00      -3.24      -1.18
 204480.00      -3.20      -1.06
 204840.00      -3.19      -0.77
 205200.00      -3.17      -0.57
 205560.00      -3.17      -0.45
 205920.00      -3.19      -0.45
 206280.00      -3.20      -0.45
 206640.00      -3.20      -0.57
 207000.00      -3.20      -0.45
 207360.00      -3.20      -0.45
 207720.00      -3.29      -0.47
 208080.00      -3.44      -0.85
 208440.00      -3.44      -1.29
 208800.00      -3.44      -1.29
 209160.00      -3.44      -1.58
 209520.00      -3.41      -1.85
 209880.00      -3.41      -2.19
 210240.00      -3.37      -2.10
 210600.00      -3.37      -2.25
 210960.00      -3.30      -2.25
 211320.00      -3.24      -2.27
 211680.00      -3.24      -2.27
 212040.00      -3.30      -2.39
 212400.00      -3.32      -2.39
 212760.00      -3.40      -2.39
 213120.00      -3.45      -2.27
 213480.00      -3.62      -2.27
 213840.00      -3.74      -2.22
 214200.00      -3.62      -2.22
 214560.00      -3.74      -2.39
 214920.00      -3.74      -2.19
 215280.00      -3.66      -1.95
 215640.00      -3.49      -1.93
 216000.00      -3.63      -1.97
 216360.00      -3.63      -2.23
 216720.00      -3.81      -2.50
 217080.00      -3.79      -2.52
 217440.00      -3.65      -2.60
 217800.00      -3.65      -2.67
 218160.00      -3.65      -2.67
 218520.00      -3.75      -2.67
 218880.00      -3.83      -2.67
 219240.00      -3.88      -2.67
 219600.00      -3.88      -2.59
 219960.00      -3.84      -2.12
 220320.00      -3.79      -1.63
 220680.00      -3.69      -1.63
 221040.00      -3.79      -1.63
 221400.00      -3.79      -1.63
 221760.00      -3.71      -1.63
 222120.00      -3.60      -1.96
 222480.00      -3.52      -2.23
 222840.00      -3.38      -2.35
 223200.00      -3.29      -2.49
 223560.00      -3.27      -2.58
 223920.00      -3.27      -2.70
 224280.00      -3.20      -2.70
 224640.00      -2.96      -2.70
 225000.00      -2.69      -2.70
 225360.00      -2.38      -2.70
 225720.00      -2.03      -2.69
 226080.00      -1.65      -2.56
 226440.00      -1.25      -2.39
 226800.00      -0.82      -2.19
 227160.00      -0.37      -1.96
 227520.00       0.09      -1.70
 227880.00       0.56      -1.42
 228240.00       1.05      -1.13
 228600.00       1.53      -0.81
 228960.00       2.02      -0.48
 229320.00       2.51      -0.15
 229680.00       2.98       0.20
 230040.00       3.45       0.54
 230400.00       3.90       0.89
 230760.00       4.34       1.23
 231120.00       4.75       1.57
 231480.00       5.14       1.90
 231840.00       5.49       2.21
 232200.00       5.82       2.51
 232560.00       6.11       2.79
 232920.00       6.35       3.05
 233280.00       6.55       3.28
 233640.00       6.67       3.48
 234000.00       6.67       3.65
 234360.00       6.67       3.78
 234720.00       6.67       3.78
 235080.00       6.67       3.78
 235440.00       6.62       3.78
 235800.00       6.40       3.78
 236160.00       6.11       3.78
 236520.00       5.74       3.64
 236880.00       5.29       3.43
 237240.00       4.76       3.16
 237600.00       4.13       2.83
 237960.00       3.41       2.42
 238320.00       2.59       1.95
 238680.00       1.68       1.40
 239040.00       0.65       0.77
 239400.00      -0.48       0.06
 239760.00      -1.72      -0.73
 240120.00      -2.57      -1.36
 240480.00      -2.80      -1.60
 240840.00      -2.80      -1.63
 241200.00      -2.82      -1.76
 241560.00      -2.96      -1.76
 241920.00      -3.23      -1.90
 242280.00      -3.08      -1.90
 242640.00      -3.08      -1.92
 243000.00      -3.22      -1.98
 243360.00      -3.30      -2.12
 243720.00      -3.60      -2.29
 244080.00      -3.84      -2.12
 244440.00      -4.00      -2.12
 244800.00      -4.00      -2.06
 245160.00      -3.92      -2.36
 245520.00      -3.92      -2.42
 245880.00      -3.92      -2.70
 246240.00      -4.01      -2.70
 246600.00      -4.01      -2.77
 246960.00      -3.92      -2.77
 247320.00      -3.87      -2.61
 247680.00      -3.81      -2.61
 248040.00      -3.72      -2.61
 248400.00      -3.64      -2.61
 248760.00      -3.55      -2.50
 249120.00      -3.55      -2.50
 249480.00      -3.46      -2.44
 249840.00      -3.35      -2.42
 250200.00      -3.29      -2.27
 250560.00      -3.29      -2.27
 250920.00      -3.29      -2.27
 251280.00      -3.35      -2.42
 251640.00      -3.46      -2.46
 252000.00      -3.53      -2.53
 252360.00      -3.64      -2.55
 252720.00      -3.67      -2.55
 253080.00      -3.84      -2.65
 253440.00      -3.96      -2.70
 253800.00      -4.04      -2.70
 254160.00      -4.07      -2.70
 254520.00      -4.13      -2.78
 254880.00      -4.19      -2.89
 255240.00      -4.22      -2.92
 255600.00      -4.22      -2.97
 255960.00      -4.22      -2.97
 256320.00      -4.20      -2.97
 256680.00      -4.20      -2.92
 257040.00      -4.03      -2.73
 257400.00      -3.72      -2.12
 257760.00      -3.64      -1.95
 258120.00      -3.64      -1.95
 258480.00      -3.64      -1.77
 258840.00      -3.54      -1.73
 259200.00      -3.54      -1.66
 259560.00      -3.54      -1.67
 259920.00      -3.52      -1.75
 260280.00      -3.52      -1.81
 260640.00      -3.52      -1.86
 261000.00      -3.59      -1.96
 261360.00      -3.51      -1.86
 261720.00      -3.51      -1.86
 262080.00      -3.48      -1.83
 262440.00      -3.44      -1.86
 262800.00      -3.44      -1.86
 263160.00      -3.52      -1.86
 263520.00      -3.59      -1.74
 263880.00      -3.52      -1.61
 264240.00      -3.59      -1.58
 264600.00      -3.59      -1.56
 264960.00      -3.59      -1.45
 265320.00      -3.62      -1.31
 265680.00      -3.75      -1.24
 266040.00      -3.91      -1.11
 266400.00      -3.91      -0.99
 266760.00      -3.85      -0.99
 267120.00      -3.81      -0.96
 267480.00      -3.84      -0.96
 267840.00      -3.81      -1.03
 268200.00      -3.71      -1.03
 268560.00      -3.71      -1.03
 268920.00      -3.68      -1.10
 269280.00      -3.54      -1.03
 269640.00      -3.45      -1.03
 270000.00      -3.38      -1.01
 270360.00      -3.36      -0.85
 270720.00      -3.26      -0.80
 271080.00      -3.06      -0.57
 271440.00      -2.89      -0.44
 271800.00      -2.89      -0.44
 272160.00      -2.89      -0.36
 272520.00      -2.89      -0.35
 272880.00      -2.79      -0.23
 273240.00      -2.79      -0.23
 273600.00      -2.79      -0.29
 273960.00      -2.84      -0.29
 274320.00      -2.94      -0.34
 274680.00      -3.00      -0.38
 275040.00      -3.05      -0.38
 275400.00      -3.05      -0.38
 275760.00      -3.05      -0.49
 276120.00      -3.09      -0.64
 276480.00      -3.17      -0.64
 276840.00      -3.22      -0.67
 277200.00      -3.31      -0.67
 277560.00      -3.31      -0.67
 277920.00      -3.32      -0.61
 278280.00      -3.35      -0.61
 278640.00      -3.35      -0.58
 279000.00      -3.35      -0.56
 279360.00      -3.40      -0.56
 279720.00      -3.46      -0.56
 280080.00      -3.46      -0.59
 280440.00      -3.49      -0.60
 280800.00      -3.59      -0.66
 281160.00      -3.66      -0.68
 281520.00      -3.70      -0.74
 281880.00      -3.72      -0.82
 282240.00      -3.70      -0.82
 282600.00      -3.70      -0.88
 282960.00      -3.70      -0.92
 283320.00      -3.70      -0.87
 283680.00      -3.70      -0.87
 284040.00      -3.62      -0.92
 284400.00      -3.51      -0.99
 284760.00      -3.37      -1.08
 285120.00      -3.24      -1.13
 285480.00      -3.16      -1.14
 285840.00      -3.09      -1.14
 286200.00      -2.99      -1.14
 286560.00      -2.91      -1.05
 286920.00      -2.86      -1.20
 287280.00      -2.86      -1.23
 287640.00      -2.66      -1.27
 288000.00      -2.48      -1.31
 288360.00      -2.43      -1.31
 288720.00      -2.35      -1.31
 289080.00      -2.35      -1.39
 289440.00      -2.35      -1.48
 289800.00      -2.35      -1.53
 290160.00      -2.44      -1.53
 290520.00      -2.50      -1.55
 290880.00      -2.59      -1.68
 291240.00      -2.70      -2.08
 291600.00      -2.89      -2.44
 291960.00      -3.09      -2.50
 292320.00      -3.15      -2.56
 292680.00      -3.37      -2.87
 293040.00      -3.58      -3.12
 293400.00      -3.60      -3.22
 293760.00      -3.70      -3.58
 294120.00      -3.87      -3.92
 294480.00      -3.96      -4.03
 294840.00      -3.97      -4.07
 295200.00      -4.01      -4.14
 295560.00      -4.01      -4.27
 295920.00      -4.01      -4.27
 296280.00      -4.01      -4.27
 296640.00      -3.97      -4.14
 297000.00      -3.97      -4.07
 297360.00      -3.94      -3.95
 297720.00      -3.94      -3.87
 298080.00      -3.99      -3.87
 298440.00      -3.99      -3.87
 298800.00      -3.99      -3.87
 299160.00      -4.07      -3.87
 299520.00      -4.17      -3.87
 299880.00      -4.28      -4.00
 300240.00      -4.33      -4.00
 300600.00      -4.35      -4.21
 300960.00      -4.46      -4.21
 301320.00      -4.57      -4.27
 301680.00      -4.57      -4.18
 302040.00      -4.59      -4.09
 302400.00      -4.68      -3.88
 302760.00      -4.79      -3.85
 303120.00      -4.86      -3.85
 303480.00      -4.86      -3.69
 303840.00      -4.89      -3.85
 304200.00      -4.85      -3.69
 304560.00      -4.82      -3.67
 304920.00      -4.82      -3.67
 305280.00      -4.82      -3.69
 305640.00      -4.82      -3.68
 306000.00      -4.74      -3.84
 306360.00      -4.65      -3.86
 306720.00      -4.57      -4.00
 307080.00      -4.43      -4.02
 307440.00      -4.33      -4.02
 307800.00      -4.28      -4.06
 308160.00      -4.14      -4.18
 308520.00      -3.91      -4.31
 308880.00      -3.78      -4.35
 309240.00      -3.74      -4.39
 309600.00      -3.67      -4.47
 309960.00      -3.60      -4.58
 310320.00      -3.53      -4.58
 310680.00      -3.46      -4.68
 311040.00      -3.36      -4.69
 311400.00      -3.16      -4.69
 311760.00      -3.16      -4.76
 312120.00      -3.26      -4.79
 312480.00      -3.26      -4.81
 312840.00      -3.07      -4.81
 313200.00      -3.17      -4.79
 313560.00      -3.17      -4.83
 313920.00      -3.35      -4.83
 314280.00      -3.35      -4.83
 314640.00      -3.35      -4.75
 315000.00      -3.42      -4.75
 315360.00      -3.38      -4.74
 315720.00      -3.32      -4.67
 316080.00      -3.26      -4.67
 316440.00      -3.26      -4.73
 316800.00      -3.28      -4.77
 317160.00      -3.28      -4.77
 317520.00      -3.28      -4.77
 317880.00      -3.34      -4.69
 318240.00      -3.43      -4.68
 318600.00      -3.52      -4.68
 318960.00      -3.69      -4.56
 319320.00      -3.69      -4.46
 319680.00      -3.69      -4.46
 320040.00      -3.69      -4.43
 320400.00      -3.69      -4.39
 320760.00      -3.70      -4.32
 321120.00      -3.74      -4.36
 321480.00      -3.74      -4.36
 321840.00      -3.74      -4.36
 322200.00      -3.77      -4.25
 322560.00      -3.87      -4.25
 322920.00      -4.10      -4.28
 323280.00      -4.18      -4.20
 323640.00      -4.22      -4.10
 324000.00      -4.22      -4.10
 324360.00      -4.25      -4.10
 324720.00      -4.28      -3.97
 325080.00      -4.28      -3.93
 325440.00      -4.32      -3.84
 325800.00      -4.42      -3.77
 326160.00      -4.60      -3.77
 326520.00      -4.70      -3.77
 326880.00      -4.79      -3.85
 327240.00      -4.81      -3.85
 327600.00      -4.81      -3.95
 327960.00      -4.88      -3.92
 328320.00      -4.95      -3.92
 328680.00      -5.06      -3.92
 329040.00      -5.09      -3.92
 329400.00      -5.09      -3.98
 329760.00      -5.06      -3.92
 330120.00      -5.11      -3.84
 330480.00      -4.96      -3.80
 330840.00      -4.93      -3.68
 331200.00      -4.86      -3.58
 331560.00      -4.77      -3.54
 331920.00      -4.63      -3.46
 332280.00      -4.63      -3.38
 332640.00      -4.63      -3.33
 333000.00      -4.80      -3.23
 333360.00      -4.87      -3.23
 333720.00      -4.75      -3.04
 334080.00      -4.80      -2.89
 334440.00      -4.80      -2.89
 334800.00      -4.80      -2.86
 335160.00      -4.73      -2.86
 335520.00      -4.54      -2.86
 335880.00      -4.30      -2.79
 336240.00      -4.25      -2.73
 336600.00      -4.13      -2.71
 336960.00      -4.00      -2.57
 337320.00      -3.95      -2.47
 337680.00      -3.92      -2.39
 338040.00      -3.85      -2.30
 338400.00      -3.80      -2.30
 338760.00      -3.78      -2.39
 339120.00      -3.68      -2.40
 339480.00      -3.57      -2.40
 339840.00      -3.57      -2.48
 340200.00      -3.57      -2.52
 340560.00      -3.55      -2.55
 340920.00      -3.47      -2.59
 341280.00      -3.37      -2.64
 341640.00      -3.37      -2.70
 342000.00      -3.29      -2.80
 342360.00      -3.37      -2.84
 342720.00      -3.41      -2.96
 343080.00      -3.47      -3.11
 343440.00      -3.41      -3.11
 343800.00      -3.47      -3.24
 344160.00      -3.54      -3.24
 344520.00      -3.63      -3.24
 344880.00      -3.68      -3.24
 345240.00      -3.68      -3.14
 345600.00      -3.68      -2.94
 345960.00      -3.68      -2.94
 346320.00      -3.68      -2.84
 346680.00      -3.71      -2.78
 347040.00      -3.76      -2.82
 347400.00      -3.78      -2.79
 347760.00      -3.80      -2.74
 348120.00      -3.87      -2.73
 348480.00      -3.97      -2.71
 348840.00      -4.06      -2.71
 349200.00      -4.12      -2.70
 349560.00      -4.17      -2.66
 349920.00      -4.17      -2.66
 350280.00      -4.23      -2.66
 350640.00      -4.23      -2.60
 351000.00      -4.23      -2.51
 351360.00      -4.19      -2.45
 351720.00      -4.16      -2.41
 352080.00      -4.04      -2.41
 352440.00      -3.88      -2.38
 352800.00      -3.78      -2.41
 353160.00      -3.71      -2.43
 353520.00      -3.65      -2.47
 353880.00      -3.62      -2.48
 354240.00      -3.62      -2.66
 354600.00      -3.62      -2.79
 354960.00      -3.62      -2.88
 355320.00      -3.62      -2.96
 355680.00      -3.68      -2.96
 356040.00      -3.75      -2.96
 356400.00      -3.76      -2.96
 356760.00      -3.84      -2.96
 357120.00      -3.98      -2.93
 357480.00      -4.07      -2.93
 357840.00      -4.11      -2.93
 358200.00      -4.15      -2.95
 358560.00      -4.19      -2.97
 358920.00      -4.26      -2.97
 359280.00      -4.26      -3.07
 359640.00      -4.32      -3.25
 360000.00      -4.34      -3.39
 360360.00      -4.34      -3.41
 360720.00      -4.35      -3.41
 361080.00      -4.38      -3.41
 361440.00      -4.40      -3.43
 361800.00      -4.41      -3.47
 362160.00      -4.46      -3.52
 362520.00      -4.50      -3.52
 362880.00      -4.69      -3.65
 363240.00      -4.90      -3.71
 363600.00      -4.94      -3.71
 363960.00      -5.01      -3.72
 364320.00      -5.07      -3.80
 364680.00      -5.24      -3.80
 365040.00      -5.41      -3.96
 365400.00      -5.42      -3.95
 365760.00      -5.48      -3.93
 366120.00      -5.60      -4.03
 366480.00      -5.77      -4.03
 366840.00      -5.88      -4.02
 367200.00      -5.85      -4.02
 367560.00      -5.88      -4.04
 367920.00      -5.88      -4.02
 368280.00      -5.88      -4.02
 368640.00      -5.88      -4.02
 369000.00      -5.88      -4.05
 369360.00      -5.93      -4.05
 369720.00      -5.88      -4.02
 370080.00      -5.82      -4.05
 370440.00      -5.82      -4.10
 370800.00      -5.83      -4.10
 371160.00      -5.83      -4.07
 371520.00      -5.83      -4.16
 371880.00      -5.83      -4.16
 372240.00      -5.89      -4.16
 372600.00      -5.93      -4.13
 372960.00      -5.98      -4.16
 373320.00      -6.14      -4.25
 373680.00      -6.17      -4.31
 374040.00      -6.17      -4.37
 374400.00      -6.30      -4.37
 374760.00      -6.49      -4.37
 375120.00      -6.58      -4.37
 375480.00      -6.59      -4.37
 375840.00      -6.63      -4.28
 376200.00      -6.59      -4.28
 376560.00      -6.67      -4.19
 376920.00      -6.79      -4.18
 377280.00      -6.79      -4.12
 377640.00      -6.65      -3.99
 378000.00      -6.65      -3.99
 378360.00      -6.65      -3.99
 378720.00      -6.68      -3.87
 379080.00      -6.73      -3.80
 379440.00      -6.73      -3.80
 379800.00      -6.73      -3.80
 380160.00      -6.75      -3.81
 380520.00      -6.68      -3.76
 380880.00      -6.68      -3.76
 381240.00      -6.68      -3.71
 381600.00      -6.64      -3.64
 381960.00      -6.57      -3.64
 382320.00      -6.48      -3.60
 382680.00      -6.48      -3.60
 383040.00      -6.39      -3.59
 383400.00      -6.48      -3.60
 383760.00      -6.48      -3.60
 384120.00      -6.48      -3.61
 384480.00      -6.60      -3.65
 384840.00      -6.57      -3.80
 385200.00      -6.71      -4.04
 385560.00      -6.85      -4.07
 385920.00      -6.99      -4.32
 386280.00      -6.85      -4.61
 386640.00      -7.01      -4.69
 387000.00      -7.13      -4.88
 387360.00      -7.21      -4.99
 387720.00      -7.21      -4.99
 388080.00      -7.22      -4.99
 388440.00      -7.22      -4.99
 388800.00      -7.22      -5.12
 389160.00      -7.22      -5.15
 389520.00      -7.28      -5.62
 389880.00      -7.37      -5.98
 390240.00      -7.37      -5.98
 390600.00      -7.32      -6.05
 390960.00      -7.32      -6.15
 391320.00      -7.48      -6.36
 391680.00      -7.74      -6.56
 392040.00      -7.74      -6.56
 392400.00      -7.74      -6.36
 392760.00      -7.88      -6.26
 393120.00      -7.58      -6.16
 393480.00      -7.15      -6.45
 393840.00      -7.57      -6.63
 394200.00      -7.87      -6.63
 394560.00      -7.87      -6.63
 394920.00      -7.81      -6.66
 395280.00      -7.58      -6.66
 395640.00      -7.58      -6.71
 396000.00      -7.58      -6.79
 396360.00      -7.45      -6.90
 396720.00      -7.45      -7.01
 397080.00      -7.45      -7.14
 397440.00      -7.45      -7.16
 397800.00      -7.39      -7.16
 398160.00      -7.39      -7.26
 398520.00      -7.39      -7.44
 398880.00      -7.33      -7.44
 399240.00      -7.25      -7.62
 399600.00      -7.17      -7.70
 399960.00      -7.13      -8.01
 400320.00      -7.13      -8.35
 400680.00      -7.14      -8.50
 401040.00      -7.14      -8.50
 401400.00      -7.14      -8.50
 401760.00      -7.04      -8.50
 402120.00      -6.91      -8.58
 402480.00      -6.91      -8.70
 402840.00      -6.91      -8.86
 403200.00      -6.86      -8.98
 403560.00      -6.86      -9.08
 403920.00      -6.82      -9.14
 404280.00      -6.60      -9.28
 404640.00      -6.31      -9.39
 405000.00      -6.19      -9.39
 405360.00      -6.17      -9.39
 405720.00      -6.12      -9.44
 406080.00      -6.12      -9.42
 406440.00      -6.03      -9.42
 406800.00      -5.98      -9.42
 407160.00      -5.98      -9.46
 407520.00      -5.95      -9.46
 407880.00      -5.89      -9.46
 408240.00      -5.89      -9.46
 408600.00      -5.82      -9.54
 408960.00      -5.82      -9.55
 409320.00      -5.91      -9.55
 409680.00      -5.84      -9.55
 410040.00      -5.91      -9.55
 410400.00      -5.93      -9.55
 410760.00      -5.84      -9.55
 411120.00      -5.93      -9.01
 411480.00      -6.09      -8.34
 411840.00      -6.25      -8.10
 412200.00      -6.49      -8.10
 412560.00      -6.53      -8.10
 412920.00      -6.75      -8.34
 413280.00      -6.75      -9.12
 413640.00      -6.75      -9.43
 414000.00      -6.78      -9.81
 414360.00      -6.80      -9.94
 414720.00      -6.80      -9.98
 415080.00      -6.85      -9.98
 415440.00      -6.85     -10.08
 415800.00      -6.85     -10.19
 416160.00      -6.80     -10.08
 416520.00      -6.80     -10.21
 416880.00      -6.85     -10.21
 417240.00      -6.95     -10.21
 417600.00      -7.08     -10.08
 417960.00      -7.12      -9.97
 418320.00      -7.04      -9.92
 418680.00      -7.04      -9.85
 419040.00      -7.04      -9.85
 419400.00      -6.84      -9.64
 419760.00      -6.84      -9.85
 420120.00      -6.67      -9.85
 420480.00      -6.67      -9.64
 420840.00      -6.58      -9.74
 421200.00      -6.58     -10.17
 421560.00      -6.30     -10.62
 421920.00      -6.30     -10.62
 422280.00      -6.30     -10.81
 422640.00      -6.30     -10.89
 423000.00      -6.02     -10.89
 423360.00      -5.92     -10.89
 423720.00      -5.78     -10.96
 424080.00      -5.65     -11.04
 424440.00      -5.53     -11.22
 424800.00      -5.32     -11.31
 425160.00      -5.32     -11.31
 425520.00      -5.06     -11.31
 425880.00      -4.84     -11.31
 426240.00      -4.79     -11.09
 426600.00      -4.71     -11.31
 426960.00      -4.51     -11.31
 427320.00      -4.27     -11.09
 427680.00      -4.05     -11.09
 428040.00      -3.79     -11.09
 428400.00      -3.58     -11.28
 428760.00      -3.45     -11.67
 429120.00      -3.45     -11.71
 429480.00      -3.38     -11.80
 429840.00      -3.27     -11.96
 430200.00      -3.26     -12.06
 430560.00      -3.13     -12.03
 430920.00      -3.13     -12.03
 431280.00      -3.26     -12.03
 431640.00      -3.36     -12.03
 432000.00      -3.45     -12.03
 432360.00      -3.71     -11.68
 432720.00      -3.67     -11.27
 433080.00      -3.84     -10.93
 433440.00      -3.99     -10.67
 433800.00      -3.99     -10.60
 434160.00      -3.99     -10.13
 434520.00      -3.84      -9.69
 434880.00      -3.62      -9.63
 435240.00      -3.55      -9.54
 435600.00      -3.46      -9.63
 435960.00      -3.38      -9.59
 436320.00      -3.23      -9.59
 436680.00      -3.00      -9.45
 437040.00      -2.86      -9.23
 437400.00      -2.83      -9.23
 437760.00      -2.77      -9.23
 438120.00      -2.77      -9.54
 438480.00      -2.77      -9.77
 438840.00      -2.77      -9.96
 439200.00      -2.77     -10.44
 439560.00      -3.03     -10.88
 439920.00      -3.14     -10.88
 440280.00      -3.47     -10.94
 440640.00      -3.47     -10.94
 441000.00      -3.76     -10.88
 441360.00      -3.76     -10.94
 441720.00      -3.78     -11.06
 442080.00      -3.50     -10.94
 442440.00      -3.27     -10.86
 442800.00      -3.20     -10.86
 443160.00      -3.09     -10.98
 443520.00      -3.04     -10.98
 443880.00      -3.04     -10.88
 444240.00      -3.10     -10.88
 444600.00      -2.83     -10.88
 444960.00      -2.83     -10.88
 445320.00      -2.66     -10.76
 445680.00      -2.83     -10.88
 446040.00      -2.89     -10.86
 446400.00      -3.29     -10.72
 446760.00      -3.58     -10.63
 447120.00      -3.80     -10.56
 447480.00      -3.75     -10.56
 447840.00      -3.69     -10.56
 448200.00      -3.69     -10.25
 448560.00      -3.69      -9.91
 448920.00      -3.69      -9.91
 449280.00      -3.38      -9.91
 449640.00      -2.90      -9.91
 450000.00      -2.35     -10.14
 450360.00      -2.09     -10.26
 450720.00      -2.09     -10.26
 451080.00      -2.09     -10.03
 451440.00      -2.09      -9.86
 451800.00      -2.09      -9.86
 452160.00      -2.09     -10.17
 452520.00      -1.91      -9.88
 452880.00      -1.89      -9.58
 453240.00      -1.89      -9.58
 453600.00      -1.82      -9.58
 453960.00      -1.80      -9.49
 454320.00      -1.80      -9.58
 454680.00      -1.80      -9.75
 455040.00      -1.80     -10.04
 455400.00      -1.80     -10.19
 455760.00      -2.02     -10.35
 456120.00      -2.02     -10.58
 456480.00      -2.02     -11.16
 456840.00      -2.02     -11.82
 457200.00      -2.02     -12.02
 457560.00      -1.61     -12.08
 457920.00      -1.12     -12.19
 458280.00      -1.12     -12.28
 458640.00      -1.12     -12.45
 459000.00      -1.12     -12.28
 459360.00      -1.12     -12.28
 459720.00      -1.52     -12.18
 460080.00      -1.96     -12.18
 460440.00      -1.96     -12.10
 460800.00      -2.02     -12.10
 461160.00      -2.15     -12.02
 461520.00      -2.30     -11.94
 461880.00      -2.58     -11.54
 462240.00      -2.58     -11.54
 462600.00      -2.58     -11.54
 462960.00      -2.58     -11.54
 463320.00      -2.81     -11.94
 463680.00      -2.83     -11.97
 464040.00      -2.91     -12.23
 464400.00      -2.99     -12.55
 464760.00      -3.33     -12.87
 465120.00      -3.73     -13.14
 465480.00      -3.87     -13.25
 465840.00      -4.00     -13.40
 466200.00      -4.14     -13.92
 466560.00      -4.34     -14.47
 466920.00      -4.71     -14.47
 467280.00      -4.92     -14.47
 467640.00      -5.07     -14.75
 468000.00      -5.21     -14.75
 468360.00      -5.38     -14.65
 468720.00      -5.61     -14.37
 469080.00      -5.61     -14.28
 469440.00      -5.61     -14.28
 469800.00      -5.68     -14.28
 470160.00      -5.70     -14.25
 470520.00      -5.75     -14.25
 470880.00      -6.04     -14.37
 471240.00      -6.55     -14.37
 471600.00      -6.90     -14.46
 471960.00      -6.81     -14.56
 472320.00      -6.90     -14.56
 472680.00      -7.01     -14.56
 473040.00      -7.26     -14.68
 473400.00      -7.61     -14.74
 473760.00      -7.71     -14.97
 474120.00      -7.71     -15.14
 474480.00      -7.55     -15.30
 474840.00      -7.55     -15.14
 475200.00      -7.10     -15.07
 475560.00      -7.05     -15.07
 475920.00      -6.03     -15.07
 476280.00      -5.30     -15.07
 476640.00      -5.09     -15.13
 477000.00      -4.88     -15.13
 477360.00      -4.77     -15.19
 477720.00      -4.77     -15.19
 478080.00      -4.77     -15.19
 478440.00      -4.77     -15.36
 478800.00      -4.88     -15.36
 479160.00      -4.97     -15.16
 479520.00      -5.27     -15.36
 479880.00      -5.27     -15.38
 480240.00      -5.27     -15.48
 480600.00      -5.27     -15.58
 480960.00      -5.40     -15.58
 481320.00      -5.40     -15.86
 481680.00      -5.20     -15.96
 482040.00      -5.07     -15.91
 482400.00      -5.20     -16.00
 482760.00      -5.20     -16.27
 483120.00      -5.07     -16.27
 483480.00      -5.20     -16.45
 483840.00      -5.31     -16.75
 484200.00      -5.64     -16.75
 484560.00      -5.93     -16.57
 484920.00      -5.93     -16.42
 485280.00      -6.00     -16.22
 485640.00      -6.00     -16.09
 486000.00      -6.29     -16.26
 486360.00      -6.55     -16.26
 486720.00      -6.55     -16.35
 487080.00      -6.55     -16.30
 487440.00      -6.28     -16.30
 487800.00      -6.28     -16.31
 488160.00      -5.98     -16.31
 488520.00      -5.51     -16.30
 488880.00      -5.16     -16.30
 489240.00      -5.18     -16.31
 489600.00      -5.18     -16.31
 489960.00      -5.10     -16.21
 490320.00      -5.10     -15.78
 490680.00      -5.10     -15.78
 491040.00      -5.18     -15.78
 491400.00      -5.24     -15.78
 491760.00      -5.29     -15.30
 492120.00      -5.29     -15.88
 492480.00      -5.28     -15.94
 492840.00      -5.31     -15.88
 493200.00      -5.53     -16.26
 493560.00      -5.53     -16.26
 493920.00      -5.31     -16.26
 494280.00      -5.13     -15.91
 494640.00      -4.79     -15.67
 495000.00      -4.27     -15.59
 495360.00      -3.87     -15.59
 495720.00      -3.73     -15.26
 496080.00      -3.65     -15.18
 496440.00      -3.31     -15.18
 496800.00      -2.97     -15.18
 497160.00      -2.94     -15.50
 497520.00      -2.59     -15.61
 497880.00      -2.23     -15.66
 498240.00      -1.98     -15.50
 498600.00      -1.78     -15.70
 498960.00      -1.64     -15.70
 499320.00      -1.62     -15.70
 499680.00      -1.51     -15.84
 500040.00      -1.55     -15.70
 500400.00      -1.55     -15.84
 500760.00      -1.42     -15.84
 501120.00      -1.28     -15.74
 501480.00      -1.14     -15.77
 501840.00      -0.93     -15.91
 502200.00      -0.93     -15.91
 502560.00      -0.93     -16.22
 502920.00      -0.93     -16.61
 503280.00      -0.95     -16.81
 503640.00      -0.83     -16.92
 504000.00      -0.80     -16.92
 504360.00      -0.80     -17.01
 504720.00      -0.71     -17.18
 505080.00      -0.71     -17.34
 505440.00      -0.83     -17.34
 505800.00      -0.71     -17.34
 506160.00      -0.60     -17.49
 506520.00      -0.34     -17.68
 506880.00      -0.23     -17.49
 507240.00      -0.23     -17.70
 507600.00      -0.23     -17.74
 507960.00      -0.22     -17.74
 508320.00      -0.22     -17.89
 508680.00      -0.22     -18.05
 509040.00      -0.10     -18.05
 509400.00      -0.10     -18.05
 509760.00      -0.10     -17.85
 510120.00      -0.10     -17.44
 510480.00      -0.10     -17.44
 510840.00      -0.10     -17.35
 511200.00      -0.10     -17.35
 511560.00      -0.10     -17.44
 511920.00      -0.10     -17.35
 512280.00      -0.10     -17.35
 512640.00      -0.20     -17.35
 513000.00      -0.20     -17.20
 513360.00      -0.20     -17.25
 513720.00      -0.10     -17.15
 514080.00      -0.10     -17.15
 514440.00      -0.10     -17.10
 514800.00      -0.10     -16.90
 515160.00      -0.10     -16.90
 515520.00      -0.10     -17.10
 515880.00      -0.20     -16.87
 516240.00      -0.10     -16.87
 516600.00      -0.23     -17.10
 516960.00      -0.46     -17.24
 517320.00      -0.57     -17.24
 517680.00      -0.60     -17.24
 518040.00      -0.89     -17.53
 518400.00      -1.11     -17.53
 518760.00      -1.11     -17.39
 519120.00      -1.13     -17.44
 519480.00      -1.13     -17.62
 519840.00      -1.17     -17.73
 520200.00      -1.30     -17.98
 520560.00      -1.46     -17.89
 520920.00      -1.46     -17.89
 521280.00      -1.60     -17.89
 521640.00      -1.97     -17.73
 522000.00      -2.34     -17.89
 522360.00      -2.79     -17.99
 522720.00      -3.26     -18.20
 523080.00      -3.53     -18.39
 523440.00      -3.75     -18.40
 523800.00      -3.75     -18.40
 524160.00      -3.75     -18.71
 524520.00      -3.75     -18.71
 524880.00      -3.53     -18.40
 525240.00      -3.50     -18.40
 525600.00      -3.50     -18.35
 525960.00      -3.29     -18.61
 526320.00      -3.29     -18.58
 526680.00      -3.20     -18.43
 527040.00      -2.79     -18.43
 527400.00      -2.89     -18.43
 527760.00      -2.54     -18.43
 528120.00      -2.25     -18.69
 528480.00      -2.25     -18.86
 528840.00      -2.25     -18.86
 529200.00      -2.03     -19.03
 529560.00      -2.03     -19.13
 529920.00      -2.03     -19.26
 530280.00      -1.95     -19.56
 530640.00      -1.95     -19.26
 531000.00      -1.95     -19.23
 531360.00      -1.87     -19.10
 531720.00      -1.87     -18.98
 532080.00      -1.87     -18.86
 532440.00      -1.97     -18.86
 532800.00      -1.97     -18.86
 533160.00      -2.06     -18.88
 533520.00      -1.97     -18.81
 533880.00      -2.10     -18.45
 534240.00      -1.97     -18.45
 534600.00      -1.87     -18.68
 534960.00      -1.66     -18.85
 535320.00      -1.93     -19.01
 535680.00      -1.66     -19.16
 536040.00      -1.48     -19.31
 536400.00      -1.48     -19.16
 536760.00      -1.36     -19.20
 537120.00      -1.09     -19.20
 537480.00      -0.66     -19.43
 537840.00      -0.39     -19.45
 538200.00      -0.36     -19.45
 538560.00      -0.36     -19.22
 538920.00      -0.36     -19.45
 539280.00      -0.22     -18.98
 539640.00      -0.10     -18.98
 540000.00       0.04     -19.45
 540360.00       0.05     -19.45
 540720.00       0.32     -19.45
 541080.00       0.63     -19.54
 541440.00       0.64     -19.39
 541800.00       0.88     -19.39
 542160.00       0.98     -20.00
 542520.00       1.05     -20.44
 542880.00       1.07     -20.44
 543240.00       1.17     -20.34
 543600.00       1.37     -20.34
 543960.00       1.37     -20.06
 544320.00       1.62     -20.16
 544680.00       2.39     -19.91
 545040.00       3.29     -20.19
 545400.00       3.61     -20.75
 545760.00       3.83     -20.75
 546120.00       4.16     -20.75
 546480.00       4.81     -20.75
 546840.00       5.25     -20.57
 547200.00       5.44     -20.57
 547560.00       5.64     -20.57
 547920.00       5.64     -20.32
 548280.00       5.73     -20.35
 548640.00       5.88     -19.53
 549000.00       6.06     -19.53
 549360.00       6.06     -19.53
 549720.00       6.38     -19.31
 550080.00       6.95     -18.94
 550440.00       7.30     -18.79
 550800.00       7.36     -18.43
 551160.00       7.83     -18.37
 551520.00       8.52     -18.48
 551880.00       8.97     -18.37
 552240.00       9.21     -18.32
 552600.00       9.33     -18.25
 552960.00       9.95     -18.20
 553320.00      10.58     -17.87
 553680.00      10.73     -17.52
 554040.00      10.88     -17.52
 554400.00      11.50     -17.52
 554760.00      12.12     -17.87
 555120.00      12.30     -17.39
 555480.00      12.49     -17.01
 555840.00      12.49     -17.01
 556200.00      12.60     -16.80
 556560.00      12.60     -16.80
 556920.00      12.60     -16.44
 557280.00      12.74     -16.90
 557640.00      12.60     -16.90
 558000.00      12.58     -16.90
 558360.00      12.46     -16.71
 558720.00      12.34     -16.81
 559080.00      12.26     -17.23
 559440.00      12.08     -17.23
 559800.00      11.85     -17.59
 560160.00      11.47     -17.73
 560520.00      10.98     -17.89
 560880.00      10.65     -17.89
 561240.00      10.65     -18.33
 561600.00      10.65     -18.33
 561960.00      10.60     -18.33
 562320.00      10.60     -18.33
 562680.00      10.60     -18.33
 563040.00      10.67     -18.82
 563400.00      10.85     -18.33
 563760.00      11.08     -18.15
 564120.00      11.31     -18.44
 564480.00      11.83     -18.44
 564840.00      12.29     -18.08
 565200.00      12.37     -18.08
 565560.00      12.42     -17.89
 565920.00      12.42     -17.89
 566280.00      12.42     -17.52
 566640.00      12.42     -17.52
 567000.00      12.47     -17.42
 567360.00      12.54     -17.42
 567720.00      12.52     -17.42
 568080.00      12.50     -18.37
 568440.00      12.50     -19.24
 568800.00      12.48     -19.34
 569160.00      12.32     -19.49
 569520.00      12.32     -19.43
 569880.00      12.32     -19.43
 570240.00      12.16     -19.43
 570600.00      12.16     -19.43
 570960.00      12.08     -19.32
 571320.00      12.08     -18.88
 571680.00      12.06     -18.43
 572040.00      12.06     -18.15
 572400.00      12.07     -17.89
 572760.00      12.25     -17.57
 573120.00      12.43     -17.32
 573480.00      12.94     -17.00
 573840.00      13.78     -16.84
 574200.00      13.78     -16.76
 574560.00      14.18     -16.44
 574920.00      14.18     -16.29
 575280.00      14.29     -16.20
 575640.00      14.32     -16.20
 576000.00      14.36     -16.19
 576360.00      14.36     -16.00
 576720.00      14.44     -16.00
 577080.00      14.44     -15.88
 577440.00      14.74     -15.70
 577800.00      15.11     -15.70
 578160.00      15.46     -15.36
 578520.00      15.95     -14.88
 578880.00      16.18     -14.69
 579240.00      16.32     -14.28
 579600.00      16.81     -13.90
 579960.00      17.57     -13.58
 580320.00      17.57     -13.15
 580680.00      17.68     -12.67
 581040.00      17.90     -12.40
 581400.00      17.98     -12.18
 581760.00      17.98     -11.82
 582120.00      17.98     -11.52
 582480.00      18.12     -11.30
 582840.00      18.29     -10.57
 583200.00      18.63     -10.26
 583560.00      19.23      -9.93
 583920.00      19.50      -9.84
 584280.00      19.50      -9.46
 584640.00      19.60      -9.03
 585000.00      19.60      -8.90
 585360.00      19.55      -8.86
 585720.00      19.50      -8.65
 586080.00      19.50      -8.31
 586440.00      19.50      -8.12
 586800.00      19.60      -7.87
 587160.00      19.99      -7.65
 587520.00      20.44      -7.28
 587880.00      20.44      -6.65
 588240.00      20.44      -6.33
 588600.00      20.44      -6.22
 588960.00      20.68      -6.18
 589320.00      20.96      -6.04
 589680.00      20.96      -5.81
 590040.00      20.96      -5.50
 590400.00      21.14      -4.53
 590760.00      21.40      -3.74
 591120.00      21.40      -3.55
 591480.00      21.67      -3.35
 591840.00      22.13      -3.25
 592200.00      22.13      -3.14
 592560.00      22.50      -2.65
 592920.00      22.50      -2.17
 593280.00      22.60      -2.12
 593640.00      22.60      -0.91
 594000.00      22.50       0.78
 594360.00      21.87       1.23
 594720.00      21.30       1.40
 595080.00      21.23       1.60
 595440.00      21.12       1.87
 595800.00      21.12       2.21
 596160.00      21.12       2.43
 596520.00      21.04       2.43
 596880.00      21.00       2.59
 597240.00      20.89       2.67
 597600.00      20.60       3.14
 597960.00      20.33       3.81
 598320.00      20.22       4.89
 598680.00      19.93       5.92
 599040.00      19.38       6.61
 599400.00      19.15       7.26
 599760.00      19.15       7.76
 600120.00      19.15       7.76
 600480.00      19.21       7.76
 600840.00      19.21       7.76
 601200.00      19.45       7.70
 601560.00      19.01       7.93
 601920.00      19.01       7.93
 602280.00      19.01       8.23
 602640.00      18.95       8.91
 603000.00      18.81       9.62
 603360.00      16.87       9.92
 603720.00      15.44      10.93
 604080.00      14.66      11.58
 604440.00      14.66      11.92
 604800.00      14.15      11.92
 605160.00      13.78      12.02
 605520.00      13.78      12.02
 605880.00      13.68      12.22
 606240.00      13.60      12.22
 606600.00      13.46      12.45
 606960.00      12.74      12.45
 607320.00      11.80      12.76
 607680.00      11.42      12.76
 608040.00      10.93      12.45
 608400.00      10.44      12.76
 608760.00      10.13      12.79
 609120.00       9.01      13.15
 609480.00       7.88      13.09
 609840.00       6.95      13.28
 610200.00       5.36      13.24
 610560.00       4.40      13.24
 610920.00       4.07      13.24
 611280.00       3.64      13.42
 611640.00       3.35      14.39
 612000.00       3.02      14.47
 612360.00       2.83      15.27
 612720.00       2.80      15.27
 613080.00       2.73      15.84
 613440.00       2.66      15.38
 613800.00       2.73      15.85
 614160.00       2.73      15.85
 614520.00       2.58      15.85
 614880.00       2.08      15.87
 615240.00       1.64      15.41
 615600.00       1.59      15.41
 615960.00       1.21      15.66
 616320.00       0.88      15.41
 616680.00       0.52      15.36
 617040.00       0.13      15.28
 617400.00       0.13      15.05
 617760.00       0.13      14.58
 618120.00      -0.02      14.19
 618480.00      -0.02      14.19
 618840.00      -0.02      14.49
 619200.00       0.13      14.49
 619560.00      -0.01      14.19
 619920.00      -0.01      14.19
 620280.00       0.06      14.09
 620640.00       0.13      13.99
 621000.00       0.13      13.99
 621360.00      -0.01      13.69
 621720.00       0.06      13.54
 622080.00       0.06      13.11
 622440.00       0.13      13.11
 622800.00       0.06      13.11
 623160.00       0.06      13.02
 623520.00       0.06      12.64
 623880.00      -0.13      12.23
 624240.00      -0.35      12.13
 624600.00      -0.35      12.13
 624960.00      -0.35      11.89
 625320.00      -0.37      11.89
 625680.00      -0.37      11.89
 626040.00      -0.46      11.82
 626400.00      -0.37      11.82
 626760.00      -0.32      11.45
 627120.00      -0.42      11.14
 627480.00      -0.27      11.30
 627840.00      -0.27      11.28
 628200.00      -0.20      10.87
 628560.00      -0.20      10.87
 628920.00      -0.25      10.49
 629280.00      -0.35      10.49
 629640.00      -0.35      10.49
 630000.00      -0.46      10.49
 630360.00      -0.48      10.37
 630720.00      -0.48      10.27
 631080.00      -0.48       9.93
 631440.00      -0.48       9.75
 631800.00      -0.51       9.53
 632160.00      -0.67       9.18
 632520.00      -0.79       9.24
 632880.00      -0.84       8.74
 633240.00      -0.88       8.48
 633600.00      -0.84       8.36
 633960.00      -1.04       8.19
 634320.00      -1.03       8.00
 634680.00      -1.33       7.93
 635040.00      -1.47       7.93
 635400.00      -1.54       7.93
 635760.00      -1.62       7.60
 636120.00      -1.62       7.21
 636480.00      -1.62       7.21
 636840.00      -1.50       7.09
 637200.00      -1.50       7.21
 637560.00      -1.43       7.09
 637920.00      -1.43       7.09
 638280.00      -1.43       7.09
 638640.00      -1.42       7.09
 639000.00      -1.38       6.87
 639360.00      -1.33       6.57
 639720.00      -1.32       6.57
 640080.00      -1.32       6.57
 640440.00      -1.32       6.57
 640800.00      -1.33       6.39
 641160.00      -1.28       6.56
 641520.00      -1.21       6.56
 641880.00      -1.12       6.56
 642240.00      -1.06       6.94
 642600.00      -1.12       6.94
 642960.00      -1.11       6.99
 643320.00      -0.98       6.66
 643680.00      -0.90       6.57
 644040.00      -0.87       6.57
 644400.00      -0.75       6.66
 644760.00      -0.75       6.99
 645120.00      -0.75       6.62
 645480.00      -0.85       6.62
 645840.00      -0.85       6.62
 646200.00      -0.75       7.35
 646560.00      -0.65       8.16
 646920.00      -0.63       8.54
 647280.00      -0.63       8.78
 647640.00      -0.56       9.00
 648000.00      -0.56       8.78
 648360.00      -0.44       9.00
 648720.00      -0.44       9.00
 649080.00      -0.44       8.78
 649440.00      -0.44       8.77
 649800.00      -0.44       8.77
 650160.00      -0.59       8.67
 650520.00      -0.69       8.69
 650880.00      -0.58       8.69
 651240.00      -0.58       8.69
 651600.00      -0.65       8.41
 651960.00      -0.65       8.41
 652320.00      -0.65       8.99
 652680.00      -0.65       9.23
 653040.00      -0.73       9.36
 653400.00      -0.81       9.37
 653760.00      -0.71       9.78
 654120.00      -0.58       9.78
 654480.00      -0.62       9.37
 654840.00      -0.71       9.24
 655200.00      -0.71       9.24
 655560.00      -0.81       9.20
 655920.00      -0.71       9.20
 656280.00      -0.72       9.17
 656640.00      -0.72       9.17
 657000.00      -0.61       9.17
 657360.00      -0.61       8.90
 657720.00      -0.61       8.90
 658080.00      -0.58       8.90
 658440.00      -0.49       9.17
 658800.00      -0.49       9.17
 659160.00      -0.24       9.14
 659520.00      -0.19       8.60
 659880.00      -0.19       8.13
 660240.00      -0.10       8.05
 660600.00       0.04       8.05
 660960.00       0.10       8.05
 661320.00       0.28       8.08
 661680.00       0.37       8.52
 662040.00       0.37       8.52
 662400.00       0.37       8.64
 662760.00       0.39       9.27
 663120.00       0.46       9.89
 663480.00       0.46       9.94
 663840.00       0.61       9.94
 664200.00       0.61       9.94
 664560.00       0.61      10.15
 664920.00       0.54       9.73
 665280.00       0.54       9.55
 665640.00       0.46       9.42
 666000.00       0.46       9.33
 666360.00       0.52       8.98
 666720.00       0.41       8.28
 667080.00       0.43       7.77
 667440.00       0.43       7.77
 667800.00       0.43       8.25
 668160.00       0.57       7.77
 668520.00       0.76       7.66
 668880.00       0.78       7.65
 669240.00       1.06       7.76
 669600.00       1.21       7.88
 669960.00       1.19       8.00
 670320.00       1.37       7.98
 670680.00       1.37       8.25
 671040.00       1.37       7.98
 671400.00       1.37       7.86
 671760.00       1.37       7.86
 672120.00       1.37       7.85
 672480.00       1.37       7.83
 672840.00       1.66       7.51
 673200.00       1.66       7.10
 673560.00       1.60       6.59
 673920.00       1.44       6.16
 674280.00       1.62       6.14
 674640.00       1.62       6.14
 675000.00       1.62       5.98
 675360.00       1.62       5.83
 675720.00       1.50       5.81
 676080.00       1.31       5.81
 676440.00       1.31       5.81
 676800.00       1.11       5.62
 677160.00       1.24       5.45
 677520.00       1.24       5.40
 677880.00       1.11       5.40
 678240.00       0.95       5.32
 678600.00       0.83       5.32
 678960.00       0.83       5.03
 679320.00       0.95       5.03
 679680.00       0.95       5.03
 680040.00       0.95       5.03
 680400.00       0.83       4.86
 680760.00       0.78       5.08
 681120.00       0.69       4.76
 681480.00       0.69       4.70
 681840.00       0.78       4.54
 682200.00       0.70       4.54
 682560.00       0.93       4.84
 682920.00       0.85       4.63
 683280.00       0.96       4.63
 683640.00       0.78       4.63
 684000.00       0.78       4.63
 684360.00       0.78       4.41
 684720.00       0.78       4.63
 685080.00       0.59       4.42
 685440.00       0.54       4.63
 685800.00       0.33       4.42
 686160.00      -0.07       4.34
 686520.00      -0.34       4.18
 686880.00      -0.42       4.02
 687240.00      -0.42       4.19
 687600.00      -0.44       4.13
 687960.00      -0.47       4.29
 688320.00      -0.47       4.13
 688680.00      -0.46       3.80
 689040.00      -0.46       3.52
 689400.00      -0.41       3.35
 689760.00      -0.50       3.35
 690120.00      -0.50       3.52
 690480.00      -0.45       3.84
 690840.00      -0.45       3.50
 691200.00      -0.42       3.50
 691560.00      -0.42       3.50
 691920.00      -0.45       3.57
 692280.00      -0.53       3.84
 692640.00      -0.53       4.14
 693000.00      -0.53       4.23
 693360.00      -0.47       4.26
 693720.00      -0.44       4.23
 694080.00      -0.40       4.26
 694440.00      -0.36       4.43
 694800.00      -0.42       4.43
 695160.00      -0.42       4.43
 695520.00      -0.36       4.26
 695880.00      -0.36       4.18
 696240.00      -0.39       4.09
 696600.00      -0.40       3.84
 696960.00      -0.40       3.34
 697320.00      -0.40       3.25
 697680.00      -0.40       3.25
 698040.00      -0.43       2.99
 698400.00      -0.43       2.95
 698760.00      -0.43       2.95
 699120.00      -0.46       2.79
 699480.00      -0.46       2.83
 699840.00      -0.43       3.04
 700200.00      -0.47       3.09
 700560.00      -0.47       3.09
 700920.00      -0.47       3.04
 701280.00      -0.38       3.04
 701640.00      -0.28       3.09
 702000.00      -0.25       3.09
 702360.00      -0.25       2.99
 702720.00      -0.25       2.99
 703080.00      -0.27       2.88
 703440.00      -0.28       2.83
 703800.00      -0.27       2.79
 704160.00      -0.27       2.74
 704520.00      -0.27       2.64
 704880.00      -0.27       2.57
 705240.00      -0.17       2.44
 705600.00      -0.11       2.28
 705960.00      -0.09       2.09
 706320.00      -0.09       1.92
 706680.00      -0.09       1.86
 707040.00      -0.09       1.67
 707400.00      -0.23       1.67
 707760.00      -0.23       1.67
 708120.00      -0.23       1.86
 708480.00      -0.23       1.92
 708840.00      -0.23       1.92
 709200.00      -0.23       2.03
 709560.00      -0.04       2.13
 709920.00       0.18       2.23
 710280.00       0.22       2.33
 710640.00       0.24       2.47
 711000.00       0.24       2.47
 711360.00       0.32       2.44
 711720.00       0.39       2.44
 712080.00       0.39       2.44
 712440.00       0.39       2.48
 712800.00       0.39       2.59
 713160.00       0.42       2.48
 713520.00       0.42       2.48
 713880.00       0.40       2.48
 714240.00       0.39       2.44
 714600.00       0.39       2.46
 714960.00       0.39       2.44
 715320.00       0.39       2.44
 715680.00       0.40       2.44
 716040.00       0.40       2.39
 716400.00       0.40       2.39
 716760.00       0.40       2.34
 717120.00       0.38       2.34
 717480.00       0.38       2.34
 717840.00       0.38       2.33
 718200.00       0.38       2.33
 718560.00       0.37       2.34
 718920.00       0.36       2.34
 719280.00       0.35       2.34
 719640.00       0.35       2.34
 720000.00       0.35       2.23
 720360.00       0.27       2.11
 720720.00       0.16       2.01
 721080.00       0.18       1.95
 721440.00       0.24       1.91
 721800.00       0.20       1.90
 722160.00       0.20       1.85
 722520.00       0.20       1.85
 722880.00       0.14       1.75
 723240.00       0.11       1.75
 723600.00       0.09       1.75
 723960.00       0.06       1.75
 724320.00       0.06       1.75
 724680.00       0.06       1.75
 725040.00       0.06       1.80
 725400.00       0.06       1.85
 725760.00       0.08       1.92
 726120.00       0.10       1.96
 726480.00       0.13       1.98
 726840.00       0.19       2.03
 727200.00       0.28       2.11
 727560.00       0.33       2.16
 727920.00       0.40       2.22
 728280.00       0.49       2.38
 728640.00       0.55       2.56
 729000.00       0.57       2.56
 729360.00       0.76       2.56
 729720.00       0.93       2.59
 730080.00       0.93       2.59
 730440.00       0.93       2.60
 730800.00       0.93       2.59
 731160.00       0.93       2.46
 731520.00       0.70       2.46
 731880.00       0.41       2.32
 732240.00       0.22       2.32
 732600.00       0.18       2.44
 732960.00       0.10       2.58
 733320.00       0.10       2.59
 733680.00       0.10       2.79
 734040.00       0.10       2.87
 734400.00       0.11       2.87
 734760.00       0.11       2.87
 735120.00       0.11       2.87
 735480.00       0.19       3.04
 735840.00       0.22       3.04
 736200.00       0.24       3.08
 736560.00       0.24       3.09
 736920.00       0.23       2.91
 737280.00       0.23       2.89
 737640.00       0.23       3.03
 738000.00       0.28       3.10
 738360.00       0.29       3.20
 738720.00       0.32       3.28
 739080.00       0.49       3.37
 739440.00       0.57       3.37
 739800.00       0.69       3.46
 740160.00       0.75       3.46
 740520.00       0.92       3.46
 740880.00       1.10       3.62
 741240.00       1.37       3.62
 741600.00       1.71       3.62
 741960.00       1.86       3.92
 742320.00       2.13       3.92
 742680.00       2.13       3.92
 743040.00       2.18       4.21
 743400.00       2.06       4.62
 743760.00       2.06       4.68
 744120.00       2.06       4.68
 744480.00       2.24       4.68
 744840.00       2.47       4.68
 745200.00       2.24       4.68
 745560.00       2.16       4.37
 745920.00       2.16       4.22
 746280.00       2.50       4.10
 746640.00       2.81       3.72
 747000.00       2.81       3.37
 747360.00       2.85       3.26
 747720.00       2.85       3.26
 748080.00       2.81       3.16
 748440.00       2.56       3.16
 748800.00       2.82       3.13
 749160.00       2.82       3.16
 749520.00       2.56       3.16
 749880.00       2.56       3.16
 750240.00       2.31       3.22
 750600.00       2.34       3.34
 750960.00       2.31       3.52
 751320.00       2.12       3.57
 751680.00       1.82       3.57
 752040.00       1.82       3.57
 752400.00       1.52       3.74
 752760.00       1.52       3.74
 753120.00       1.82       3.74
 753480.00       1.82       3.57
 753840.00       1.52       3.52
 754200.00       1.52       3.51
 754560.00       1.52       3.09
 754920.00       1.70       2.46
 755280.00       1.74       2.12
 755640.00       2.14       1.98
 756000.00       2.57       1.91
 756360.00       2.69       1.66
 756720.00       2.81       1.44
 757080.00       2.96       1.44
 757440.00       3.22       1.29
 757800.00       3.34       1.44
 758160.00       3.36       1.53
 758520.00       3.45       1.46
 758880.00       3.46       1.46
 759240.00       3.61       1.46
 759600.00       3.74       1.55
 759960.00       3.61       1.55
 760320.00       3.52       1.55
 760680.00       3.56       1.51
 761040.00       3.52       1.55
 761400.00       3.46       1.55
 761760.00       3.46       1.55
 762120.00       3.38       1.56
 762480.00       3.02       1.59
 762840.00       2.57       1.76
 763200.00       2.51       1.88
 763560.00       2.38       1.88
 763920.00       2.38       1.88
 764280.00       2.38       1.88
 764640.00       2.38       1.82
 765000.00       2.51       1.75
 765360.00       2.95       1.75
 765720.00       3.43       1.75
 766080.00       3.43       1.73
 766440.00       3.43       1.67
 766800.00       3.46       1.67
 767160.00       3.58       1.66
 767520.00       3.61       1.61
 767880.00       3.57       1.61
 768240.00       3.46       1.61
 768600.00       3.31       1.61
 768960.00       3.23       1.61
 769320.00       3.16       1.66
 769680.00       3.03       1.66
 770040.00       2.92       1.70
 770400.00       2.75       1.70
 770760.00       2.75       1.74
 771120.00       2.67       1.74
 771480.00       2.59       1.78
 771840.00       2.46       1.80
 772200.00       2.46       1.80
 772560.00       2.30       1.78
 772920.00       2.19       1.75
 773280.00       1.96       1.70
 773640.00       1.80       1.75
 774000.00       1.72       1.69
 774360.00       1.51       1.68
 774720.00       1.30       1.60
 775080.00       1.21       1.51
 775440.00       1.21       1.51
 775800.00       1.21       1.51
 776160.00       1.21       1.58
 776520.00       1.30       1.58
 776880.00       1.40       1.58
 777240.00       1.46       1.58
 777600.00       1.63       1.62
 777960.00       1.98       1.70
 778320.00       2.19       1.82
 778680.00       2.21       1.93
 779040.00       2.21       2.06
 779400.00       2.30       2.20
 779760.00       2.30       2.30
 780120.00       2.30       2.34
 780480.00       2.30       2.37
 780840.00       2.14       2.46
 781200.00       1.95       2.46
 781560.00       1.82       2.46
 781920.00       1.68       2.54
 782280.00       1.46       2.58
 782640.00       1.33       2.54
 783000.00       1.29       2.50
 783360.00       1.16       2.42
 783720.00       0.99       2.34
 784080.00       0.88       2.29
 784440.00       0.86       2.29
 784800.00       0.86       2.37
 785160.00       0.86       2.43
 785520.00       0.83       2.43
 785880.00       0.83       2.35
 786240.00       0.86       2.35
 786600.00       0.87       2.44
 786960.00       0.94       2.50
 787320.00       1.02       2.50
 787680.00       1.02       2.50
 788040.00       1.05       2.53
 788400.00       1.02       2.53
 788760.00       1.03       2.57
 789120.00       1.03       2.57
 789480.00       1.03       2.60
 789840.00       1.03       2.68
 790200.00       1.03       2.68
 790560.00       1.03       2.78
 790920.00       1.03       2.86
 791280.00       1.06       2.86
 791640.00       1.07       2.86
 792000.00       1.13       2.87
 792360.00       1.16       2.93
 792720.00       1.27       2.97
 793080.00       1.38       2.97
 793440.00       1.39       3.03
 793800.00       1.43       3.07
 794160.00       1.50       3.07
 794520.00       1.60       3.07
 794880.00       1.66       3.11
 795240.00       1.75       3.14
 795600.00       1.67       3.15
 795960.00       1.67       3.14
 796320.00       1.67       3.14
 796680.00       1.67       3.15
 797040.00       1.67       3.15
 797400.00       1.67       3.15
 797760.00       1.59       3.10
 798120.00       1.60       3.01
 798480.00       1.60       2.94
 798840.00       1.54       2.90
 799200.00       1.54       2.90
 799560.00       1.54       2.85
 799920.00       1.56       2.85
 800280.00       1.57       2.79
 800640.00       1.61       2.78
 801000.00       1.64       2.84
 801360.00       1.64       2.78
 801720.00       1.61       2.78
 802080.00       1.57       2.78
 802440.00       1.57       2.78
 802800.00       1.51       2.78
 803160.00       1.52       2.75
 803520.00       1.55       2.75
 803880.00       1.55       2.71
 804240.00       1.58       2.71
 804600.00       1.58       2.71
 804960.00       1.79       2.81
 805320.00       1.89       2.81
 805680.00       2.04       2.71
 806040.00       2.21       2.69
 806400.00       2.28       2.65
 806760.00       2.58       2.41
 807120.00       2.59       2.17
 807480.00       2.59       2.09
 807840.00       2.59       2.04
 808200.00       2.59       1.96
 808560.00       2.59       1.91
 808920.00       2.01       1.91
 809280.00       1.63       1.91
 809640.00       1.63       1.93
 810000.00       1.63       1.98
 810360.00       1.63       1.99
 810720.00       1.63       2.24
 811080.00       1.67       2.55
 811440.00       1.82       2.55
 811800.00       1.89       2.55
 812160.00       1.95       2.55
 812520.00       2.06       2.24
 812880.00       2.14       2.15
 813240.00       2.06       2.30
 813600.00       2.06       2.15
 813960.00       2.20       1.99
 814320.00       2.20       1.99
 814680.00       2.20       1.99
 815040.00       2.04       2.01
 815400.00       1.85       2.17
 815760.00       1.76       2.25
 816120.00       1.71       2.30
 816480.00       1.58       2.43
 816840.00       1.47       2.55
 817200.00       1.21       2.77
 817560.00       0.87       3.00
 817920.00       0.73       3.17
 818280.00       0.62       3.32
 818640.00       0.62       3.36
 819000.00       0.59       3.41
 819360.00       0.59       3.51
 819720.00       0.61       3.51
 820080.00       0.61       3.47
 820440.00       0.64       3.54
 820800.00       0.73       3.54
 821160.00       0.80       3.56
 821520.00       0.92       3.56
 821880.00       1.18       3.38
 822240.00       1.45       3.31
 822600.00       1.58       3.14
 822960.00       1.68       2.99
 823320.00       1.80       2.94
 823680.00       1.83       2.87
 824040.00       1.96       2.71
 824400.00       2.06       2.50
 824760.00       2.12       2.39
 825120.00       2.36       2.34
 825480.00       2.80       2.26
 825840.00       3.16       2.26
 826200.00       3.57       2.18
 826560.00       3.90       2.16
 826920.00       4.01       2.14
 827280.00       4.28       2.02
 827640.00       4.48       1.88
 828000.00       4.98       1.86
 828360.00       5.36       1.86
 828720.00       5.97       1.81
 829080.00       6.47       1.80
 829440.00       6.64       1.68
 829800.00       6.64       1.57
 830160.00       6.83       1.57
 830520.00       6.83       1.42
 830880.00       6.64       1.57
 831240.00       6.83       1.57
 831600.00       6.64       1.57
 831960.00       6.64       1.57
 832320.00       6.60       1.57
 832680.00       6.39       1.42
 833040.00       6.30       1.42
 833400.00       6.30       1.37
 833760.00       6.30       1.37
 834120.00       6.30       1.50
 834480.00       6.30       1.50
 834840.00       6.12       1.63
 835200.00       6.12       1.90
 835560.00       6.18       2.05
 835920.00       6.41       2.05
 836280.00       6.53       2.05
 836640.00       6.53       2.05
 837000.00       6.59       2.05
 837360.00       6.53       1.78
 837720.00       6.53       1.48
 838080.00       6.53       1.13
 838440.00       6.71       0.70
 838800.00       7.00       0.70
 839160.00       7.18       0.70
 839520.00       7.18       0.76
 839880.00       7.28       0.59
 840240.00       7.43       0.49
 840600.00       7.43       0.59
 840960.00       7.43       0.59
 841320.00       7.58       0.55
 841680.00       7.58       0.55
 842040.00       7.43       0.77
 842400.00       7.27       0.79
 842760.00       7.34       0.55
 843120.00       7.11       0.73
 843480.00       6.83       1.08
 843840.00       6.73       1.09
 844200.00       6.73       1.09
 844560.00       6.84       1.09
 844920.00       6.73       1.16
 845280.00       6.73       1.16
 845640.00       6.84       1.16
 846000.00       7.09       1.16
 846360.00       7.09       1.21
 846720.00       7.11       1.21
 847080.00       7.11       1.42
 847440.00       7.11       1.63
 847800.00       7.11       1.63
 848160.00       6.89       1.76
 848520.00       6.89       1.98
 848880.00       6.79       2.32
 849240.00       6.79       2.32
 849600.00       6.79       2.54
 849960.00       6.70       2.54
 850320.00       6.70       2.54
 850680.00       6.70       2.32
 851040.00       6.45       2.54
 851400.00       6.50       2.09
 851760.00       6.39       2.02
 852120.00       6.39       1.95
 852480.00       6.31       1.95
 852840.00       6.16       2.30
 853200.00       5.92       2.24
 853560.00       5.71       2.24
 853920.00       5.71       2.24
 854280.00       5.71       2.24
 854640.00       6.07       2.07
 855000.00       5.83       2.07
 855360.00       5.71       1.88
 855720.00       5.76       1.85
 856080.00       5.66       1.85
 856440.00       5.66       1.85
 856800.00       5.76       1.85
 857160.00       6.04       1.85
 857520.00       5.76       1.85
 857880.00       5.41       1.87
 858240.00       4.96       1.85
 858600.00       4.70       1.79
 858960.00       4.70       1.81
 859320.00       4.66       1.88
 859680.00       4.66       1.86
 860040.00       4.57       1.86
 860400.00       4.35       1.86
 860760.00       4.12       1.86
 861120.00       3.95       1.86
 861480.00       3.80       1.86
 861840.00       3.68       1.96
 862200.00       3.61       2.04
 862560.00       3.53       2.04
 862920.00       3.44       2.08
 863280.00       3.44       2.18
 863640.00       3.44       2.18
 864000.00       3.44       2.29
 864360.00       3.44       2.29
 864720.00       3.56       2.35
 865080.00       3.56       2.31
 865440.00       3.73       2.23
 865800.00       3.88       2.23
 866160.00       3.95       2.26
 866520.00       4.02       2.26
 866880.00       4.23       2.26
 867240.00       4.54       2.26
 867600.00       5.01       2.21
 867960.00       5.16       2.26
 868320.00       5.16       2.26
 868680.00       5.26       2.32
 869040.00       5.26       2.33
 869400.00       5.26       2.33
 869760.00       5.11       2.32
 870120.00       4.97       2.32
 870480.00       4.97       2.31
 870840.00       4.86       2.31
 871200.00       4.81       2.33
 871560.00       4.75       2.31
 871920.00       4.63       2.31
 872280.00       4.55       2.31
 872640.00       4.51       2.31
 873000.00       4.25       2.45
 873360.00       4.10       2.58
 873720.00       4.00       2.61
 874080.00       3.73       2.61
 874440.00       3.73       2.70
 874800.00       3.73       2.75
 875160.00       4.00       2.75
 875520.00       4.10       2.75
 875880.00       4.16       2.66
 876240.00       4.25       2.57
 876600.00       4.35       2.51
 876960.00       4.54       2.32
 877320.00       4.74       2.12
 877680.00       4.82       2.12
 878040.00       4.85       2.06
 878400.00       4.98       2.00
 878760.00       5.10       1.88
 879120.00       5.18       1.88
 879480.00       5.19       1.88
 879840.00       5.22       1.88
 880200.00       5.32       1.94
 880560.00       5.42       2.00
 880920.00       5.32       2.00
 881280.00       5.32       2.00
 881640.00       5.23       2.00
 882000.00       5.23       2.09
 882360.00       5.23       2.14
 882720.00       5.23       2.09
 883080.00       5.00       2.14
 883440.00       4.61       2.19
 883800.00       4.27       2.23
 884160.00       3.77       2.32
 884520.00       3.56       2.32
 884880.00       3.56       2.32
 885240.00       3.56       2.32
 885600.00       3.56       2.25
 885960.00       3.56       2.23
 886320.00       3.75       2.23
 886680.00       3.96       2.23
 887040.00       4.12       2.21
 887400.00       4.17       2.21
 887760.00       4.17       2.21
 888120.00       4.17       2.24
 888480.00       4.24       2.26
 888840.00       4.35       2.34
 889200.00       4.29       2.42
 889560.00       4.23       2.42
 889920.00       4.23       2.42
 890280.00       4.17       2.48
 890640.00       4.12       2.55
 891000.00       3.98       2.57
 891360.00       3.98       2.57
 891720.00       3.98       2.55
 892080.00       3.79       2.49
 892440.00       3.48       2.49
 892800.00       3.27       2.50
 893160.00       3.27       2.57
 893520.00       3.27       2.62
 893880.00       3.27       2.73
 894240.00       3.27       2.71
 894600.00       3.59       2.67
 894960.00       3.93       2.67
 895320.00       4.03       2.72
 895680.00       4.19       2.72
 896040.00       4.28       2.62
 896400.00       4.37       2.56
 896760.00       4.45       2.56
 897120.00       4.55       2.49
 897480.00       4.58       2.49
 897840.00       4.58       2.46
 898200.00       4.66       2.46
 898560.00       4.65       2.44
 898920.00       4.66       2.44
 899280.00       4.66       2.36
 899640.00       4.69       2.36
 900000.00       4.74       2.36
 900360.00       4.74       2.36
 900720.00       4.71       2.28
 901080.00       4.71       2.28
 901440.00       4.71       2.43
 901800.00       4.34       2.57
 902160.00       4.32       2.63
 902520.00       4.27       2.70
 902880.00       4.27       2.70
 903240.00       4.03       2.70
 903600.00       4.03       2.75
 903960.00       4.27       2.63
 904320.00       4.56       2.63
 904680.00       4.61       2.75
 905040.00       4.69       2.66
 905400.00       4.69       2.71
 905760.00       4.69       2.71
 906120.00       4.69       2.71
 906480.00       4.64       2.72
 906840.00       4.64       2.79
 907200.00       4.64       2.79
 907560.00       4.64       2.82
 907920.00       4.64       2.84
 908280.00       4.64       2.82
 908640.00       4.58       2.82
 909000.00       4.72       2.83
 909360.00       4.80       2.82
 909720.00       4.86       2.85
 910080.00       4.86       2.85
 910440.00       4.86       2.79
 910800.00       4.89       2.79
 911160.00       4.89       2.72
 911520.00       4.89       2.67
 911880.00       4.92       2.69
 912240.00       4.97       2.67
 912600.00       5.13       2.63
 912960.00       5.30       2.63
 913320.00       5.30       2.48
 913680.00       5.30       2.27
 914040.00       5.30       2.31
 914400.00       5.22       2.17
 914760.00       5.31       2.17
 915120.00       5.35       2.17
 915480.00       5.35       2.15
 915840.00       5.48       2.13
 916200.00       5.48       2.17
 916560.00       5.55       2.17
 916920.00       6.05       2.17
 917280.00       6.32       2.06
 917640.00       6.60       2.03
 918000.00       6.92       2.12
 918360.00       6.92       1.96
 918720.00       7.05       1.96
 919080.00       7.15       1.80
 919440.00       7.15       1.92
 919800.00       7.43       1.67
 920160.00       7.76       1.92
 920520.00       7.92       2.23
 920880.00       8.07       2.23
 921240.00       8.07       2.50
 921600.00       8.07       2.49
 921960.00       8.37       2.49
 922320.00       8.38       2.49
 922680.00       8.38       2.61
 923040.00       8.38       2.61
 923400.00       8.38       2.61
 923760.00       8.41       2.63
 924120.00       8.20       2.34
 924480.00       8.22       2.34
 924840.00       8.22       1.92
 925200.00       8.22       1.26
 925560.00       8.13       0.60
 925920.00       8.22      -0.27
 926280.00       8.30      -0.33
 926640.00       8.30      -0.33
 927000.00       8.30      -0.33
 927360.00       8.30      -0.61
 927720.00       8.35      -0.61
 928080.00       8.55       0.03
 928440.00       8.55       0.46
 928800.00       8.73       0.73
 929160.00       8.73       0.98
 929520.00       8.81       1.18
 929880.00       8.81       1.36
 930240.00       8.86       1.36
 930600.00       9.02       1.18
 930960.00       9.23       1.18
 931320.00       9.36       0.92
 931680.00       9.47       0.68
 932040.00       9.79       0.49
 932400.00      10.01       0.09
 932760.00      10.11      -0.22
 933120.00      10.11      -0.55
 933480.00      10.01      -0.78
 933840.00      10.11      -1.15
 934200.00      10.31      -1.15
 934560.00      10.31      -1.15
 934920.00      10.64      -1.15
 935280.00      10.69      -1.10
 935640.00      10.69      -0.64
 936000.00      10.69      -0.43
 936360.00      10.54       0.03
 936720.00      10.24       0.25
 937080.00      10.24       0.54
 937440.00      10.24       0.54
 937800.00      10.29       0.65
 938160.00      10.58       0.48
 938520.00      10.33       0.25
 938880.00       9.98       0.48
 939240.00       9.85       0.48
 939600.00       9.73       0.65
 939960.00       9.97       0.36
 940320.00       9.97       0.35
 940680.00       9.97       0.35
 941040.00       9.97       0.35
 941400.00       9.82       0.05
 941760.00       9.70      -0.04
 942120.00       9.70       0.02
 942480.00       9.80      -0.14
 942840.00       9.83      -0.33
 943200.00      10.05      -0.40
 943560.00       9.85      -0.40
 943920.00       9.85      -0.40
 944280.00       9.85      -0.40
 944640.00       9.85      -0.40
 945000.00      10.10      -0.40
 945360.00      10.54      -0.49
 945720.00      10.54      -0.49
 946080.00      10.34      -0.43
 946440.00       9.74      -0.31
 946800.00       9.35      -0.27
 947160.00       9.10      -0.26
 947520.00       9.10      -0.07
 947880.00       9.10       0.12
 948240.00       8.94       0.34
 948600.00       8.78       0.58
 948960.00       8.64       0.65
 949320.00       8.48       0.72
 949680.00       8.43       0.72
 950040.00       8.22       0.90
 950400.00       7.95       0.98
 950760.00       7.51       1.17
 951120.00       7.09       1.39
 951480.00       6.91       1.48
 951840.00       6.91       1.55
 952200.00       6.91       1.70
 952560.00       6.74       1.84
 952920.00       6.74       1.94
 953280.00       6.55       2.07
 953640.00       6.55       2.20
 954000.00       6.63       2.20
 954360.00       6.63       2.19
 954720.00       6.49       2.08
 955080.00       6.49       2.08
 955440.00       6.49       2.08
 955800.00       6.39       1.97
 956160.00       6.39       1.92
 956520.00       6.43       1.76
 956880.00       6.43       1.61
 957240.00       6.40       1.52
 957600.00       6.40       1.52
 957960.00       6.43       1.52
 958320.00       6.53       1.52
 958680.00       6.62       1.54
 959040.00       6.62       1.58
 959400.00       6.67       1.53
 959760.00       6.84       1.53
 960120.00       7.09       1.53
 960480.00       7.24       1.53
 960840.00       7.36       1.53
 961200.00       7.55       1.45
 961560.00       7.83       1.38
 961920.00       8.19       1.21
 962280.00       8.45       0.94
 962640.00       8.91       0.29
 963000.00       9.64      -0.29
 963360.00       9.93      -0.52
 963720.00      10.08      -0.78
 964080.00      10.08      -0.88
 964440.00      10.08      -0.88
 964800.00       9.97      -0.78
 965160.00       9.97      -0.78
 965520.00       9.91      -0.78
 965880.00       9.83      -0.37
 966240.00       9.65       0.11
 966600.00       8.85       0.11
 966960.00       8.15       0.22
 967320.00       8.05       0.29
 967680.00       7.84       0.37
 968040.00       7.69       0.43
 968400.00       7.64       0.50
 968760.00       7.57       0.75
 969120.00       7.20       0.99
 969480.00       6.31       1.35
 969840.00       5.45       1.82
 970200.00       5.04       2.08
 970560.00       4.85       2.28
 970920.00       4.72       2.44
 971280.00       4.72       2.49
 971640.00       4.72       2.51
 972000.00       4.75       2.51
 972360.00       4.75       2.56
 972720.00       4.75       2.59
 973080.00       4.86       2.61
 973440.00       5.00       2.60
 973800.00       5.01       2.60
 974160.00       5.12       2.54
 974520.00       5.15       2.54
 974880.00       5.15       2.52
 975240.00       5.15       2.52
 975600.00       5.24       2.62
 975960.00       5.15       2.56
 976320.00       5.15       2.50
 976680.00       5.30       2.50
 977040.00       5.57       2.59
 977400.00       5.63       2.66
 977760.00       5.63       2.77
 978120.00       5.78       2.66
 978480.00       6.20       2.70
 978840.00       6.34       2.87
 979200.00       6.46       2.87
 979560.00       6.55       3.02
 979920.00       6.64       3.02
 980280.00       6.73       3.02
 980640.00       6.84       2.92
 981000.00       6.75       2.77
 981360.00       6.70       2.60
 981720.00       6.71       2.59
 982080.00       6.67       2.36
 982440.00       6.73       2.24
 982800.00       6.73       2.23
 983160.00       6.49       2.18
 983520.00       6.41       2.18
 983880.00       6.39       2.18
 984240.00       6.39       2.23
 984600.00       6.39       2.20
 984960.00       6.35       2.04
 985320.00       6.26       2.04
 985680.00       6.26       2.19
 986040.00       6.14       2.19
 986400.00       6.09       2.04
 986760.00       6.02       2.04
 987120.00       6.01       1.90
 987480.00       6.01       1.78
 987840.00       6.01       1.68
 988200.00       6.09       1.64
 988560.00       6.09       1.64
 988920.00       6.09       1.52
 989280.00       6.23       1.35
 989640.00       6.36       1.14
 990000.00       6.38       0.83
 990360.00       6.43       0.79
 990720.00       6.47       0.76
 991080.00       6.97       0.73
 991440.00       7.49       0.33
 991800.00       8.12      -0.61
 992160.00       8.80      -1.17
 992520.00       9.05      -1.24
 992880.00       9.53      -1.79
 993240.00       9.83      -2.13
 993600.00      10.02      -2.42
 993960.00      10.23      -2.59
 994320.00      10.26      -2.72
 994680.00      10.44      -2.88
 995040.00      10.62      -3.05
 995400.00      10.85      -3.05
 995760.00      10.89      -3.08
 996120.00      10.89      -2.92
 996480.00      10.89      -2.92
 996840.00      10.85      -3.08
 997200.00      10.85      -3.08
 997560.00      10.85      -2.86
 997920.00      10.70      -2.86
 998280.00      10.82      -2.86
 998640.00      10.82      -2.67
 999000.00      10.82      -2.70
 999360.00      10.97      -2.70
 999720.00      10.82      -2.97
1000080.00      10.97      -3.19
1000440.00      10.82      -3.27
1000800.00      10.77      -3.54
1001160.00      10.89      -3.76
1001520.00      10.89      -3.82
1001880.00      10.72      -3.84
1002240.00      10.43      -3.90
1002600.00      10.43      -3.99
1002960.00      10.43      -4.06
1003320.00      10.24      -4.18
1003680.00      10.24      -4.31
1004040.00      10.48      -4.53
1004400.00      10.69      -4.53
1004760.00      10.48      -4.53
1005120.00      10.49      -4.53
1005480.00      10.53      -4.74
1005840.00      10.56      -4.94
1006200.00      10.41      -5.73
1006560.00      10.41      -6.43
1006920.00      10.48      -6.43
1007280.00      10.41      -6.45
1007640.00      10.34      -6.78
1008000.00      10.21      -6.92
1008360.00      10.21      -7.07
1008720.00      10.25      -7.07
1009080.00      10.28      -6.95
1009440.00      10.32      -6.58
1009800.00      10.49      -6.58
1010160.00      10.49      -5.86
1010520.00      10.55      -5.17
1010880.00      10.91      -4.87
1011240.00      10.96      -4.87
1011600.00      11.17      -4.87
1011960.00      11.17      -4.64
1012320.00      11.17      -4.64
1012680.00      11.10      -4.64
1013040.00      11.10      -4.87
1013400.00      11.10      -5.02
1013760.00      10.89      -4.91
1014120.00      10.89      -5.02
1014480.00      10.89      -5.02
1014840.00      11.10      -5.02
1015200.00      11.13      -4.52
1015560.00      10.77      -5.07
1015920.00      10.77      -5.07
1016280.00      11.17      -4.52
1016640.00      11.17      -4.06
1017000.00      11.25      -3.76
1017360.00      11.41      -3.30
1017720.00      11.68      -2.72
1018080.00      11.80      -2.65
1018440.00      11.66      -2.65
1018800.00      11.40      -2.65
1019160.00      11.40      -2.65
1019520.00      11.32      -2.72
1019880.00      11.21      -2.72
1020240.00      11.50      -2.74
1020600.00      11.19      -2.74
1020960.00      10.71      -2.90
1021320.00      10.50      -2.99
1021680.00      10.34      -3.02
1022040.00      10.14      -3.17
1022400.00      10.05      -3.25
1022760.00      10.03      -3.34
1023120.00      10.05      -3.74
1023480.00       9.62      -4.17
1023840.00       9.62      -3.81
1024200.00       9.95      -4.17
1024560.00       9.95      -4.16
1024920.00       9.97      -4.16
1025280.00       9.97      -4.29
1025640.00      10.13      -4.29
1026000.00      10.33      -4.38
1026360.00      10.33      -4.54
1026720.00      10.50      -4.54
1027080.00      10.54      -4.73
1027440.00      10.58      -4.73
1027800.00      10.63      -4.97
1028160.00      10.63      -4.97
1028520.00      10.63      -5.10
1028880.00      10.63      -5.21
1029240.00      10.56      -4.97
1029600.00      10.27      -4.97
1029960.00      10.20      -4.85
1030320.00       9.81      -4.85
1030680.00       9.81      -4.77
1031040.00       9.75      -4.77
1031400.00       9.73      -4.56
1031760.00       9.65      -4.46
1032120.00       9.35      -4.17
1032480.00       9.10      -4.02
1032840.00       8.92      -3.71
1033200.00       8.67      -3.20
1033560.00       8.40      -2.83
1033920.00       8.12      -2.50
1034280.00       8.12      -2.48
1034640.00       8.12      -2.48
1035000.00       8.12      -2.48
1035360.00       7.75      -2.17
1035720.00       7.74      -1.96
1036080.00       7.44      -1.80
1036440.00       7.44      -1.44
